1.0 ; 0.36
0.97351 ; 0.360265
0.948456 ; 0.360462
0.924711 ; 0.360592
0.902159 ; 0.360657
0.880702 ; 0.360659
0.86025 ; 0.360598
0.840725 ; 0.360476
0.822054 ; 0.360295
0.804175 ; 0.360055
0.787032 ; 0.359759
0.770571 ; 0.359406
0.754748 ; 0.359
0.739519 ; 0.35854
0.724847 ; 0.358029
0.710697 ; 0.357467
0.697036 ; 0.356856
0.683837 ; 0.356196
0.671071 ; 0.35549
0.658715 ; 0.354738
0.646746 ; 0.353941
0.635144 ; 0.353101
0.623888 ; 0.352219
0.612962 ; 0.351295
0.602348 ; 0.350331
0.592033 ; 0.349328
0.582 ; 0.348288
0.572238 ; 0.34721
0.562734 ; 0.346097
0.553476 ; 0.344948
0.544454 ; 0.343766
0.535657 ; 0.342552
0.527077 ; 0.341305
0.518704 ; 0.340028
0.510529 ; 0.338721
0.502547 ; 0.337385
0.494747 ; 0.336021
0.487125 ; 0.33463
0.479674 ; 0.333213
0.472386 ; 0.331771
0.465257 ; 0.330305
0.45828 ; 0.328815
0.451451 ; 0.327302
0.444765 ; 0.325768
0.438216 ; 0.324212
0.431801 ; 0.322637
0.425515 ; 0.321042
0.419355 ; 0.319428
0.413315 ; 0.317797
0.407393 ; 0.316149
0.401585 ; 0.314484
0.395888 ; 0.312804
0.390298 ; 0.311109
0.384812 ; 0.3094
0.379428 ; 0.307677
0.374143 ; 0.305942
0.368953 ; 0.304194
0.363857 ; 0.302435
0.358852 ; 0.300665
0.353936 ; 0.298885
0.349106 ; 0.297095
0.34436 ; 0.295296
0.339695 ; 0.293489
0.335111 ; 0.291674
0.330605 ; 0.289852
0.326175 ; 0.288023
0.321819 ; 0.286187
0.317536 ; 0.284346
0.313324 ; 0.2825
0.309181 ; 0.280649
0.305105 ; 0.278794
0.301096 ; 0.276936
0.297152 ; 0.275074
0.29327 ; 0.273209
0.289451 ; 0.271342
0.285692 ; 0.269474
0.281993 ; 0.267603
0.278351 ; 0.265732
0.274766 ; 0.26386
0.271237 ; 0.261988
0.267762 ; 0.260116
0.264341 ; 0.258245
0.260972 ; 0.256374
0.257655 ; 0.254505
0.254387 ; 0.252638
0.251169 ; 0.250772
0.247999 ; 0.248909
0.244877 ; 0.247048
0.241801 ; 0.24519
0.238771 ; 0.243335
0.235785 ; 0.241484
0.232843 ; 0.239637
0.229945 ; 0.237794
0.227089 ; 0.235955
0.224274 ; 0.23412
0.2215 ; 0.232291
0.218766 ; 0.230466
0.216072 ; 0.228647
0.213416 ; 0.226834
0.210798 ; 0.225026
0.208218 ; 0.223224
0.205674 ; 0.221429
0.203166 ; 0.21964
0.200693 ; 0.217857
0.198256 ; 0.216082
0.195852 ; 0.214313
0.193482 ; 0.212551
0.191146 ; 0.210797
0.188841 ; 0.20905
0.186569 ; 0.207311
0.184328 ; 0.20558
0.182118 ; 0.203857
0.179939 ; 0.202141
0.17779 ; 0.200434
0.17567 ; 0.198736
0.173579 ; 0.197045
0.171516 ; 0.195364
0.169482 ; 0.193691
0.167475 ; 0.192026
0.165496 ; 0.190371
0.163543 ; 0.188725
0.161616 ; 0.187088
0.159716 ; 0.18546
0.157841 ; 0.183841
0.155991 ; 0.182231
0.154166 ; 0.180631
0.152366 ; 0.179041
0.150589 ; 0.17746
0.148836 ; 0.175889
0.147106 ; 0.174327
0.1454 ; 0.172775
0.143716 ; 0.171233
0.142054 ; 0.169701
0.140414 ; 0.168179
0.138796 ; 0.166666
0.137199 ; 0.165164
0.135623 ; 0.163671
0.134068 ; 0.162189
0.132533 ; 0.160717
0.131018 ; 0.159254
0.129523 ; 0.157802
0.128048 ; 0.15636
0.126592 ; 0.154928
0.125155 ; 0.153507
0.123736 ; 0.152095
0.122336 ; 0.150694
0.120954 ; 0.149303
0.11959 ; 0.147922
0.118244 ; 0.146551
0.116915 ; 0.14519
0.115603 ; 0.14384
0.114308 ; 0.1425
0.11303 ; 0.14117
0.111768 ; 0.13985
0.110523 ; 0.13854
0.109294 ; 0.137241
0.10808 ; 0.135952
0.106882 ; 0.134672
0.105699 ; 0.133403
0.104532 ; 0.132144
0.103379 ; 0.130895
0.102241 ; 0.129656
0.101118 ; 0.128427
0.100009 ; 0.127209
0.0989144 ; 0.126
0.0978337 ; 0.124801
0.0967667 ; 0.123611
0.0957134 ; 0.122432
0.0946734 ; 0.121263
0.0936468 ; 0.120103
0.0926332 ; 0.118953
0.0916325 ; 0.117813
0.0906445 ; 0.116683
0.0896692 ; 0.115562
0.0887062 ; 0.114451
0.0877555 ; 0.11335
0.0868168 ; 0.112258
0.0858901 ; 0.111175
0.0849752 ; 0.110102
0.0840719 ; 0.109039
0.0831801 ; 0.107985
0.0822996 ; 0.10694
0.0814303 ; 0.105904
0.080572 ; 0.104878
0.0797246 ; 0.103861
0.0788881 ; 0.102853
0.0780621 ; 0.101854
0.0772466 ; 0.100864
0.0764415 ; 0.0998828
0.0756467 ; 0.0989109
0.0748619 ; 0.0979478
0.0740872 ; 0.0969936
0.0733223 ; 0.0960482
0.0725671 ; 0.0951115
0.0718216 ; 0.0941835
0.0710855 ; 0.0932642
0.0703589 ; 0.0923535
0.0696415 ; 0.0914512
0.0689332 ; 0.0905575
0.0682341 ; 0.0896722
0.0675438 ; 0.0887953
0.0668624 ; 0.0879267
0.0661897 ; 0.0870663
0.0655256 ; 0.0862142
0.0648701 ; 0.0853702
0.0642229 ; 0.0845344
0.0635841 ; 0.0837065
0.0629535 ; 0.0828867
0.062331 ; 0.0820748
0.0617165 ; 0.0812709
0.06111 ; 0.0804747
0.0605112 ; 0.0796863
0.0599203 ; 0.0789057
0.059337 ; 0.0781327
0.0587613 ; 0.0773673
0.058193 ; 0.0766095
0.0576322 ; 0.0758592
0.0570786 ; 0.0751163
0.0565323 ; 0.0743809
0.0559931 ; 0.0736527
0.055461 ; 0.0729319
0.0549359 ; 0.0722183
0.0544177 ; 0.0715119
0.0539064 ; 0.0708125
0.0534018 ; 0.0701203
0.0529038 ; 0.0694351
0.0524125 ; 0.0687568
0.0519278 ; 0.0680855
0.0514494 ; 0.0674209
0.0509775 ; 0.0667632
0.050512 ; 0.0661123
0.0500527 ; 0.065468
0.0495995 ; 0.0648304
0.0491526 ; 0.0641994
0.0487116 ; 0.0635749
0.0482767 ; 0.0629569
0.0478478 ; 0.0623453
0.0474247 ; 0.0617401
0.0470074 ; 0.0611412
0.0465959 ; 0.0605486
0.0461901 ; 0.0599622
0.04579 ; 0.0593821
0.0453954 ; 0.058808
0.0450064 ; 0.05824
0.0446229 ; 0.057678
0.0442448 ; 0.0571221
0.043872 ; 0.056572
0.0435047 ; 0.0560278
0.0431425 ; 0.0554895
0.0427857 ; 0.0549569
0.042434 ; 0.0544301
0.0420874 ; 0.0539089
0.041746 ; 0.0533934
0.0414095 ; 0.0528835
0.0410781 ; 0.0523791
0.0407517 ; 0.0518802
0.0404301 ; 0.0513868
0.0401135 ; 0.0508987
0.0398016 ; 0.0504161
0.0394946 ; 0.0499387
0.0391923 ; 0.0494666
0.0388948 ; 0.0489997
0.0386019 ; 0.048538
0.0383137 ; 0.0480815
0.0380301 ; 0.04763
0.0377511 ; 0.0471836
0.0374766 ; 0.0467422
0.0372067 ; 0.0463058
0.0369412 ; 0.0458742
0.0366802 ; 0.0454476
0.0364236 ; 0.0450258
0.0361715 ; 0.0446088
0.0359237 ; 0.0441965
0.0356802 ; 0.043789
0.0354411 ; 0.0433861
0.0352062 ; 0.0429879
0.0349757 ; 0.0425942
0.0347494 ; 0.0422052
0.0345273 ; 0.0418206
0.0343095 ; 0.0414405
0.0340958 ; 0.0410649
0.0338864 ; 0.0406936
0.033681 ; 0.0403268
0.0334799 ; 0.0399642
0.0332829 ; 0.039606
0.0330899 ; 0.039252
0.0329011 ; 0.0389023
0.0327164 ; 0.0385567
0.0325358 ; 0.0382153
0.0323592 ; 0.037878
0.0321868 ; 0.0375448
0.0320184 ; 0.0372156
0.031854 ; 0.0368905
0.0316937 ; 0.0365693
0.0315375 ; 0.0362521
0.0313853 ; 0.0359388
0.0312371 ; 0.0356294
0.031093 ; 0.0353239
0.030953 ; 0.0350222
0.030817 ; 0.0347243
0.0306851 ; 0.0344301
0.0305573 ; 0.0341397
0.0304335 ; 0.033853
0.0303139 ; 0.03357
0.0301983 ; 0.0332906
0.0300869 ; 0.0330149
0.0299796 ; 0.0327427
0.0298765 ; 0.0324741
0.0297775 ; 0.0322091
0.0296828 ; 0.0319475
0.0295922 ; 0.0316895
0.0295059 ; 0.0314349
0.0294238 ; 0.0311837
0.0293461 ; 0.030936
0.0292727 ; 0.0306917
0.0292036 ; 0.0304507
0.0291389 ; 0.030213
0.0290787 ; 0.0299787
0.0290229 ; 0.0297476
0.0289717 ; 0.0295199
0.028925 ; 0.0292953
0.0288829 ; 0.0290741
0.0288455 ; 0.028856
0.0288127 ; 0.0286411
0.0287848 ; 0.0284293
0.0287617 ; 0.0282208
0.0287435 ; 0.0280153
0.0287302 ; 0.0278129
0.028722 ; 0.0276137
0.0287188 ; 0.0274175
0.0287208 ; 0.0272243
0.0287281 ; 0.0270342
0.0287407 ; 0.0268472
0.0287588 ; 0.0266631
0.0287823 ; 0.026482
0.0288115 ; 0.0263039
0.0288464 ; 0.0261287
0.0288871 ; 0.0259565
0.0289338 ; 0.0257872
0.0289864 ; 0.0256208
0.0290453 ; 0.0254574
0.0291104 ; 0.0252968
0.029182 ; 0.0251391
0.0292601 ; 0.0249842
0.029345 ; 0.0248322
0.0294366 ; 0.0246831
0.0295353 ; 0.0245368
0.0296412 ; 0.0243933
0.0297544 ; 0.0242526
0.0298752 ; 0.0241148
0.0300036 ; 0.0239797
0.03014 ; 0.0238474
0.0302845 ; 0.0237179
0.0304372 ; 0.0235912
0.0305986 ; 0.0234672
0.0307686 ; 0.023346
0.0309477 ; 0.0232275
0.0311361 ; 0.0231118
0.031334 ; 0.0229989
0.0315416 ; 0.0228887
0.0317594 ; 0.0227812
0.0319875 ; 0.0226764
0.0322263 ; 0.0225744
0.0324761 ; 0.0224751
0.0327372 ; 0.0223786
0.03301 ; 0.0222847
0.0332949 ; 0.0221936
0.0335922 ; 0.0221052
0.0339024 ; 0.0220195
0.0342257 ; 0.0219366
0.0345628 ; 0.0218563
0.034914 ; 0.0217788
0.0352797 ; 0.0217041
0.0356606 ; 0.021632
0.036057 ; 0.0215627
0.0364696 ; 0.0214961
0.0368988 ; 0.0214322
0.0373453 ; 0.0213711
0.0378096 ; 0.0213127
0.0382924 ; 0.0212571
0.0387943 ; 0.0212042
0.0393161 ; 0.0211541
0.0398583 ; 0.0211067
0.0404219 ; 0.0210622
0.0410074 ; 0.0210203
0.0416158 ; 0.0209813
0.0422478 ; 0.020945
0.0429043 ; 0.0209115
0.0435863 ; 0.0208809
0.0442946 ; 0.020853
0.0450303 ; 0.0208279
0.0457943 ; 0.0208057
0.0465877 ; 0.0207863
0.0474117 ; 0.0207697
0.0482673 ; 0.020756
0.0491558 ; 0.0207451
0.0500783 ; 0.0207371
0.0510363 ; 0.0207319
0.0520309 ; 0.0207296
0.0530636 ; 0.0207302
0.0541359 ; 0.0207337
0.0552491 ; 0.02074
0.056405 ; 0.0207493
0.0576049 ; 0.0207615
0.0588507 ; 0.0207766
0.0601441 ; 0.0207947
0.0614867 ; 0.0208157
0.0628806 ; 0.0208396
0.0643274 ; 0.0208665
0.0658294 ; 0.0208963
0.0673883 ; 0.0209291
0.0690065 ; 0.0209648
0.070686 ; 0.0210036
0.072429 ; 0.0210453
0.0742379 ; 0.02109
0.0761149 ; 0.0211377
0.0780627 ; 0.0211884
0.0800836 ; 0.0212421
0.0821801 ; 0.0212988
0.084355 ; 0.0213585
0.0866109 ; 0.0214213
0.0889506 ; 0.021487
0.0913769 ; 0.0215558
0.0938926 ; 0.0216276
0.0965007 ; 0.0217024
0.0992041 ; 0.0217802
0.102006 ; 0.0218611
0.104909 ; 0.021945
0.107917 ; 0.0220319
0.111032 ; 0.0221219
0.114258 ; 0.0222148
0.117598 ; 0.0223108
0.121056 ; 0.0224099
0.124634 ; 0.0225119
0.128335 ; 0.022617
0.132163 ; 0.022725
0.136121 ; 0.0228361
0.140212 ; 0.0229502
0.144439 ; 0.0230674
0.148805 ; 0.0231875
0.153313 ; 0.0233106
0.157966 ; 0.0234367
0.162767 ; 0.0235658
0.167718 ; 0.0236979
0.172822 ; 0.0238329
0.17808 ; 0.023971
0.183496 ; 0.024112
0.189071 ; 0.0242559
0.194807 ; 0.0244028
0.200705 ; 0.0245527
0.206767 ; 0.0247055
0.212994 ; 0.0248612
0.219387 ; 0.0250199
0.225945 ; 0.0251815
0.23267 ; 0.025346
0.23956 ; 0.0255134
0.246616 ; 0.0256837
0.253836 ; 0.0258569
0.261219 ; 0.026033
0.268763 ; 0.026212
0.276466 ; 0.0263939
0.284326 ; 0.0265786
0.292339 ; 0.0267662
0.300502 ; 0.0269566
0.308811 ; 0.0271499
0.317262 ; 0.027346
0.32585 ; 0.0275449
0.334569 ; 0.0277467
0.343414 ; 0.0279513
0.352378 ; 0.0281587
0.361455 ; 0.0283689
0.370639 ; 0.0285819
0.37992 ; 0.0287977
0.389293 ; 0.0290164
0.398748 ; 0.0292377
0.408277 ; 0.0294619
0.417871 ; 0.0296889
0.427521 ; 0.0299186
0.437218 ; 0.0301511
0.446952 ; 0.0303863
0.456714 ; 0.0306244
0.466493 ; 0.0308651
0.476281 ; 0.0311086
0.486065 ; 0.0313549
0.495838 ; 0.0316039
0.505588 ; 0.0318557
0.515306 ; 0.0321101
0.524982 ; 0.0323674
0.534606 ; 0.0326273
0.544169 ; 0.03289
0.553661 ; 0.0331554
0.563074 ; 0.0334236
0.572398 ; 0.0336944
0.581625 ; 0.033968
0.590747 ; 0.0342443
0.599757 ; 0.0345234
0.608646 ; 0.0348051
0.617408 ; 0.0350896
0.626037 ; 0.0353767
0.634525 ; 0.0356666
0.642868 ; 0.0359593
0.651061 ; 0.0362546
0.659097 ; 0.0365526
0.666974 ; 0.0368534
0.674688 ; 0.0371569
0.682234 ; 0.037463
0.68961 ; 0.0377719
0.696814 ; 0.0380836
0.703843 ; 0.0383979
0.710695 ; 0.038715
0.71737 ; 0.0390347
0.723867 ; 0.0393572
0.730185 ; 0.0396824
0.736324 ; 0.0400103
0.742284 ; 0.040341
0.748065 ; 0.0406743
0.753669 ; 0.0410104
0.759097 ; 0.0413492
0.76435 ; 0.0416908
0.76943 ; 0.042035
0.774338 ; 0.042382
0.779077 ; 0.0427317
0.783649 ; 0.0430841
0.788056 ; 0.0434393
0.792302 ; 0.0437972
0.796388 ; 0.0441578
0.800317 ; 0.0445211
0.804093 ; 0.0448872
0.807719 ; 0.045256
0.811197 ; 0.0456276
0.814531 ; 0.0460019
0.817724 ; 0.0463789
0.82078 ; 0.0467586
0.823701 ; 0.0471411
0.826491 ; 0.0475263
0.829153 ; 0.0479143
0.831691 ; 0.048305
0.834108 ; 0.0486984
0.836407 ; 0.0490945
0.838592 ; 0.0494934
0.840665 ; 0.0498951
0.84263 ; 0.0502994
0.84449 ; 0.0507065
0.846247 ; 0.0511163
0.847906 ; 0.0515289
0.84947 ; 0.0519442
0.85094 ; 0.0523622
0.85232 ; 0.0527829
0.853612 ; 0.0532064
0.854821 ; 0.0536326
0.855947 ; 0.0540615
0.856994 ; 0.0544931
0.857964 ; 0.0549275
0.85886 ; 0.0553645
0.859685 ; 0.0558043
0.86044 ; 0.0562468
0.861127 ; 0.0566919
0.86175 ; 0.0571398
0.86231 ; 0.0575904
0.862809 ; 0.0580436
0.863249 ; 0.0584995
0.863632 ; 0.0589582
0.863961 ; 0.0594195
0.864237 ; 0.0598834
0.864461 ; 0.06035
0.864635 ; 0.0608193
0.864762 ; 0.0612913
0.864842 ; 0.0617658
0.864877 ; 0.0622431
0.864869 ; 0.0627229
0.864819 ; 0.0632054
0.864729 ; 0.0636904
0.864599 ; 0.0641781
0.864431 ; 0.0646684
0.864227 ; 0.0651613
0.863987 ; 0.0656567
0.863712 ; 0.0661548
0.863405 ; 0.0666553
0.863065 ; 0.0671585
0.862693 ; 0.0676641
0.862292 ; 0.0681723
0.861861 ; 0.068683
0.861402 ; 0.0691962
0.860915 ; 0.0697119
0.860402 ; 0.0702301
0.859862 ; 0.0707507
0.859298 ; 0.0712738
0.858709 ; 0.0717993
0.858096 ; 0.0723273
0.857461 ; 0.0728576
0.856803 ; 0.0733904
0.856123 ; 0.0739255
0.855423 ; 0.074463
0.854701 ; 0.0750028
0.85396 ; 0.0755449
0.8532 ; 0.0760894
0.852421 ; 0.0766361
0.851623 ; 0.0771851
0.850807 ; 0.0777364
0.849974 ; 0.0782899
0.849124 ; 0.0788456
0.848257 ; 0.0794035
0.847375 ; 0.0799636
0.846476 ; 0.0805258
0.845562 ; 0.0810902
0.844633 ; 0.0816566
0.84369 ; 0.0822252
0.842732 ; 0.0827958
0.84176 ; 0.0833684
0.840774 ; 0.0839431
0.839775 ; 0.0845198
0.838763 ; 0.0850984
0.837738 ; 0.085679
0.836701 ; 0.0862615
0.835651 ; 0.0868458
0.834589 ; 0.0874321
0.833515 ; 0.0880201
0.83243 ; 0.08861
0.831333 ; 0.0892017
0.830225 ; 0.0897951
0.829107 ; 0.0903902
0.827977 ; 0.090987
0.826837 ; 0.0915855
0.825687 ; 0.0921856
0.824526 ; 0.0927873
0.823356 ; 0.0933906
0.822175 ; 0.0939954
0.820985 ; 0.0946017
0.819786 ; 0.0952095
0.818577 ; 0.0958187
0.817359 ; 0.0964293
0.816132 ; 0.0970413
0.814896 ; 0.0976547
0.813651 ; 0.0982693
0.812397 ; 0.0988852
0.811135 ; 0.0995023
0.809865 ; 0.100121
0.808587 ; 0.10074
0.8073 ; 0.101361
0.806005 ; 0.101982
0.804702 ; 0.102605
0.803392 ; 0.103229
0.802074 ; 0.103853
0.800748 ; 0.104479
0.799415 ; 0.105105
0.798074 ; 0.105733
0.796726 ; 0.106361
0.795371 ; 0.10699
0.794009 ; 0.107619
0.79264 ; 0.10825
0.791264 ; 0.108881
0.789882 ; 0.109512
0.788492 ; 0.110144
0.787096 ; 0.110777
0.785694 ; 0.11141
0.784285 ; 0.112043
0.782869 ; 0.112677
0.781448 ; 0.113311
0.78002 ; 0.113945
0.778586 ; 0.11458
0.777146 ; 0.115215
0.7757 ; 0.11585
0.774249 ; 0.116485
0.772791 ; 0.11712
0.771328 ; 0.117755
0.769859 ; 0.11839
0.768385 ; 0.119025
0.766905 ; 0.11966
0.76542 ; 0.120295
0.76393 ; 0.120929
0.762434 ; 0.121563
0.760933 ; 0.122197
0.759428 ; 0.122831
0.757917 ; 0.123464
0.756401 ; 0.124096
0.754881 ; 0.124728
0.753355 ; 0.12536
0.751825 ; 0.125991
0.750291 ; 0.126621
0.748752 ; 0.12725
0.747208 ; 0.127879
0.74566 ; 0.128507
0.744108 ; 0.129133
0.742552 ; 0.129759
0.740991 ; 0.130384
0.739426 ; 0.131008
0.737858 ; 0.131631
0.736285 ; 0.132253
0.734709 ; 0.132874
0.733129 ; 0.133493
0.731545 ; 0.134111
0.729957 ; 0.134728
0.728366 ; 0.135343
0.726772 ; 0.135957
0.725174 ; 0.13657
0.723573 ; 0.13718
0.721968 ; 0.13779
0.720361 ; 0.138397
0.71875 ; 0.139003
0.717137 ; 0.139608
0.71552 ; 0.14021
0.713901 ; 0.140811
0.712278 ; 0.141409
0.710654 ; 0.142006
0.709026 ; 0.142601
0.707396 ; 0.143194
0.705764 ; 0.143784
0.704129 ; 0.144373
0.702492 ; 0.144959
0.700853 ; 0.145543
0.699211 ; 0.146125
0.697568 ; 0.146704
0.695922 ; 0.147282
0.694275 ; 0.147856
0.692626 ; 0.148428
0.690975 ; 0.148998
0.689322 ; 0.149565
0.687668 ; 0.15013
0.686013 ; 0.150691
0.684355 ; 0.15125
0.682697 ; 0.151807
0.681037 ; 0.15236
0.679377 ; 0.152911
0.677715 ; 0.153459
0.676052 ; 0.154004
0.674388 ; 0.154546
0.672723 ; 0.155084
0.671058 ; 0.15562
0.669391 ; 0.156153
0.667725 ; 0.156682
0.666057 ; 0.157209
0.66439 ; 0.157732
0.662721 ; 0.158252
0.661053 ; 0.158768
0.659384 ; 0.159281
0.657716 ; 0.159791
0.656047 ; 0.160298
0.654378 ; 0.160801
0.652709 ; 0.1613
0.651041 ; 0.161796
0.649372 ; 0.162288
0.647705 ; 0.162777
0.646037 ; 0.163262
0.64437 ; 0.163743
0.642704 ; 0.16422
0.641038 ; 0.164694
0.639373 ; 0.165164
0.637709 ; 0.165631
0.636046 ; 0.166093
0.634384 ; 0.166551
0.632723 ; 0.167006
0.631063 ; 0.167457
0.629404 ; 0.167903
0.627747 ; 0.168346
0.626091 ; 0.168785
0.624436 ; 0.169219
0.622783 ; 0.16965
0.621132 ; 0.170076
0.619482 ; 0.170498
0.617834 ; 0.170916
0.616188 ; 0.17133
0.614544 ; 0.17174
0.612902 ; 0.172145
0.611261 ; 0.172547
0.609623 ; 0.172943
0.607988 ; 0.173336
0.606354 ; 0.173724
0.604723 ; 0.174108
0.603094 ; 0.174488
0.601468 ; 0.174863
0.599845 ; 0.175234
0.598224 ; 0.175601
0.596606 ; 0.175963
0.594991 ; 0.17632
0.593378 ; 0.176674
0.591769 ; 0.177022
0.590162 ; 0.177367
0.588559 ; 0.177706
0.586959 ; 0.178042
0.585362 ; 0.178372
0.583768 ; 0.178699
0.582178 ; 0.17902
0.580591 ; 0.179337
0.579007 ; 0.17965
0.577428 ; 0.179958
0.575852 ; 0.180262
0.574279 ; 0.180561
0.57271 ; 0.180855
0.571146 ; 0.181145
0.569585 ; 0.18143
0.568028 ; 0.181711
0.566475 ; 0.181987
0.564926 ; 0.182259
0.563382 ; 0.182525
0.561841 ; 0.182788
0.560305 ; 0.183046
0.558773 ; 0.183299
0.557246 ; 0.183548
0.555723 ; 0.183792
0.554205 ; 0.184031
0.552691 ; 0.184266
0.551182 ; 0.184496
0.549677 ; 0.184722
0.548178 ; 0.184944
0.546683 ; 0.18516
0.545193 ; 0.185372
0.543708 ; 0.18558
0.542228 ; 0.185783
0.540753 ; 0.185982
0.539283 ; 0.186176
0.537818 ; 0.186366
0.536359 ; 0.186551
0.534904 ; 0.186732
0.533455 ; 0.186908
0.532012 ; 0.18708
0.530574 ; 0.187248
0.529141 ; 0.187411
0.527714 ; 0.187569
0.526292 ; 0.187724
0.524876 ; 0.187874
0.523466 ; 0.188019
0.522061 ; 0.18816
0.520662 ; 0.188297
0.519269 ; 0.18843
0.517882 ; 0.188558
0.5165 ; 0.188683
0.515125 ; 0.188803
0.513756 ; 0.188918
0.512392 ; 0.18903
0.511035 ; 0.189137
0.509684 ; 0.18924
0.508339 ; 0.189339
0.507 ; 0.189434
0.505667 ; 0.189525
0.504341 ; 0.189612
0.503021 ; 0.189695
0.501707 ; 0.189774
0.5004 ; 0.189849
0.499099 ; 0.18992
0.497804 ; 0.189987
0.496517 ; 0.19005
0.495235 ; 0.190109
0.493961 ; 0.190165
0.492692 ; 0.190216
0.491431 ; 0.190264
0.490176 ; 0.190308
0.488928 ; 0.190348
0.487687 ; 0.190385
0.486452 ; 0.190418
0.485224 ; 0.190447
0.484004 ; 0.190473
0.48279 ; 0.190495
0.481582 ; 0.190513
0.480382 ; 0.190528
0.479189 ; 0.19054
0.478003 ; 0.190548
0.476824 ; 0.190553
0.475652 ; 0.190554
0.474487 ; 0.190552
0.473329 ; 0.190546
0.472178 ; 0.190538
0.471034 ; 0.190526
0.469898 ; 0.19051
0.468769 ; 0.190492
0.467646 ; 0.190471
0.466532 ; 0.190446
0.465424 ; 0.190418
0.464324 ; 0.190387
0.463231 ; 0.190353
0.462146 ; 0.190317
0.461068 ; 0.190277
0.459997 ; 0.190234
0.458933 ; 0.190188
0.457878 ; 0.19014
0.456829 ; 0.190089
0.455788 ; 0.190035
0.454755 ; 0.189978
0.453729 ; 0.189918
0.45271 ; 0.189856
0.451699 ; 0.189792
0.450696 ; 0.189724
0.4497 ; 0.189654
0.448712 ; 0.189582
0.447731 ; 0.189507
0.446758 ; 0.189429
0.445793 ; 0.18935
0.444835 ; 0.189267
0.443885 ; 0.189183
0.442943 ; 0.189096
0.442008 ; 0.189007
0.441081 ; 0.188916
0.440161 ; 0.188822
0.43925 ; 0.188726
0.438346 ; 0.188629
0.43745 ; 0.188529
0.436562 ; 0.188427
0.435681 ; 0.188323
0.434808 ; 0.188217
0.433943 ; 0.188109
0.433086 ; 0.187999
0.432236 ; 0.187887
0.431395 ; 0.187774
0.430561 ; 0.187659
0.429735 ; 0.187542
0.428917 ; 0.187423
0.428106 ; 0.187302
0.427304 ; 0.18718
0.426509 ; 0.187056
0.425723 ; 0.186931
0.424944 ; 0.186804
0.424173 ; 0.186676
0.423409 ; 0.186546
0.422654 ; 0.186415
0.421907 ; 0.186282
0.421167 ; 0.186148
0.420435 ; 0.186013
0.419711 ; 0.185876
0.418996 ; 0.185738
0.418287 ; 0.185599
0.417587 ; 0.185458
0.416895 ; 0.185317
0.416211 ; 0.185174
0.415534 ; 0.185031
0.414866 ; 0.184886
0.414205 ; 0.18474
0.413552 ; 0.184593
0.412907 ; 0.184445
0.41227 ; 0.184296
0.411641 ; 0.184147
0.411019 ; 0.183996
0.410406 ; 0.183845
0.4098 ; 0.183693
0.409203 ; 0.18354
0.408613 ; 0.183386
0.408031 ; 0.183232
0.407457 ; 0.183077
0.406891 ; 0.182922
0.406332 ; 0.182765
0.405782 ; 0.182609
0.405239 ; 0.182451
0.404704 ; 0.182293
0.404177 ; 0.182135
0.403658 ; 0.181976
0.403147 ; 0.181817
0.402643 ; 0.181657
0.402147 ; 0.181498
0.40166 ; 0.181337
0.401179 ; 0.181177
0.400707 ; 0.181016
0.400242 ; 0.180855
0.399785 ; 0.180693
0.399336 ; 0.180532
0.398895 ; 0.18037
0.398461 ; 0.180208
0.398035 ; 0.180046
0.397617 ; 0.179884
0.397206 ; 0.179722
0.396803 ; 0.17956
0.396408 ; 0.179398
0.396021 ; 0.179235
0.395641 ; 0.179073
0.395268 ; 0.178911
0.394904 ; 0.178749
0.394547 ; 0.178588
0.394197 ; 0.178426
0.393855 ; 0.178265
0.393521 ; 0.178103
0.393194 ; 0.177942
0.392875 ; 0.177781
0.392563 ; 0.177621
0.392259 ; 0.177461
0.391962 ; 0.177301
0.391673 ; 0.177141
0.391391 ; 0.176982
0.391116 ; 0.176823
0.390849 ; 0.176665
0.39059 ; 0.176506
0.390337 ; 0.176349
0.390092 ; 0.176192
0.389855 ; 0.176035
0.389624 ; 0.175879
0.389401 ; 0.175723
0.389186 ; 0.175568
0.388977 ; 0.175414
0.388776 ; 0.17526
0.388581 ; 0.175107
0.388395 ; 0.174954
0.388215 ; 0.174802
0.388042 ; 0.174651
0.387876 ; 0.1745
0.387718 ; 0.17435
0.387566 ; 0.174201
0.387422 ; 0.174052
0.387284 ; 0.173905
0.387154 ; 0.173758
0.38703 ; 0.173611
0.386914 ; 0.173466
0.386804 ; 0.173321
0.386701 ; 0.173178
0.386605 ; 0.173035
0.386516 ; 0.172893
0.386433 ; 0.172751
0.386358 ; 0.172611
0.386289 ; 0.172472
0.386226 ; 0.172333
0.38617 ; 0.172196
0.386121 ; 0.172059
0.386079 ; 0.171924
0.386043 ; 0.171789
0.386013 ; 0.171655
0.38599 ; 0.171523
0.385974 ; 0.171391
0.385964 ; 0.17126
0.38596 ; 0.171131
0.385962 ; 0.171002
0.385971 ; 0.170875
0.385986 ; 0.170749
0.386008 ; 0.170623
0.386035 ; 0.170499
0.386069 ; 0.170376
0.386109 ; 0.170254
0.386154 ; 0.170133
0.386206 ; 0.170013
0.386264 ; 0.169895
0.386328 ; 0.169777
0.386398 ; 0.169661
0.386473 ; 0.169546
0.386554 ; 0.169432
0.386642 ; 0.169319
0.386734 ; 0.169208
0.386833 ; 0.169097
0.386937 ; 0.168988
0.387047 ; 0.16888
0.387162 ; 0.168773
0.387283 ; 0.168668
0.387409 ; 0.168564
0.387541 ; 0.168461
0.387678 ; 0.168359
0.38782 ; 0.168258
0.387968 ; 0.168159
0.38812 ; 0.168061
0.388278 ; 0.167964
0.388441 ; 0.167869
0.388609 ; 0.167775
0.388782 ; 0.167682
0.38896 ; 0.16759
0.389143 ; 0.1675
0.389331 ; 0.167411
0.389524 ; 0.167323
0.389721 ; 0.167237
0.389923 ; 0.167151
0.39013 ; 0.167068
0.390341 ; 0.166985
0.390556 ; 0.166904
0.390777 ; 0.166824
0.391001 ; 0.166745
0.39123 ; 0.166668
0.391463 ; 0.166592
0.3917 ; 0.166517
0.391942 ; 0.166444
0.392188 ; 0.166372
0.392437 ; 0.166301
0.392691 ; 0.166232
0.392949 ; 0.166164
0.39321 ; 0.166097
0.393476 ; 0.166032
0.393745 ; 0.165968
0.394017 ; 0.165905
0.394294 ; 0.165844
0.394574 ; 0.165783
0.394857 ; 0.165725
0.395144 ; 0.165667
0.395434 ; 0.165611
0.395727 ; 0.165556
0.396024 ; 0.165503
0.396324 ; 0.16545
0.396627 ; 0.165399
0.396933 ; 0.16535
0.397242 ; 0.165301
0.397554 ; 0.165254
0.397869 ; 0.165209
0.398187 ; 0.165164
0.398507 ; 0.165121
0.39883 ; 0.165079
0.399155 ; 0.165039
0.399483 ; 0.164999
0.399814 ; 0.164961
0.400147 ; 0.164924
0.400482 ; 0.164889
0.400819 ; 0.164855
0.401159 ; 0.164822
0.4015 ; 0.16479
0.401844 ; 0.16476
0.40219 ; 0.16473
0.402537 ; 0.164702
0.402887 ; 0.164676
0.403238 ; 0.16465
0.403591 ; 0.164626
0.403945 ; 0.164603
0.404301 ; 0.164581
0.404659 ; 0.16456
0.405018 ; 0.164541
0.405378 ; 0.164522
0.40574 ; 0.164505
0.406103 ; 0.164489
0.406467 ; 0.164474
0.406832 ; 0.164461
0.407198 ; 0.164448
0.407565 ; 0.164437
0.407933 ; 0.164427
0.408301 ; 0.164418
0.408671 ; 0.16441
0.409041 ; 0.164403
0.409411 ; 0.164398
0.409783 ; 0.164393
0.410154 ; 0.16439
0.410527 ; 0.164387
0.410899 ; 0.164386
0.411272 ; 0.164386
0.411645 ; 0.164387
0.412018 ; 0.164389
0.412391 ; 0.164392
0.412764 ; 0.164396
0.413137 ; 0.164401
0.41351 ; 0.164407
0.413883 ; 0.164414
0.414255 ; 0.164422
0.414628 ; 0.164431
0.414999 ; 0.164441
0.415371 ; 0.164452
0.415742 ; 0.164464
0.416112 ; 0.164477
0.416482 ; 0.164491
0.416851 ; 0.164506
0.417219 ; 0.164522
0.417587 ; 0.164539
0.417953 ; 0.164556
0.418319 ; 0.164575
0.418684 ; 0.164594
0.419048 ; 0.164615
0.41941 ; 0.164636
0.419772 ; 0.164658
0.420132 ; 0.164681
0.420491 ; 0.164704
0.420849 ; 0.164729
0.421205 ; 0.164754
0.42156 ; 0.164781
0.421913 ; 0.164808
0.422265 ; 0.164835
0.422616 ; 0.164864
0.422964 ; 0.164893
0.423311 ; 0.164923
0.423657 ; 0.164954
0.424 ; 0.164986
0.424342 ; 0.165018
0.424682 ; 0.165051
0.42502 ; 0.165085
0.425356 ; 0.165119
0.425689 ; 0.165155
0.426021 ; 0.16519
0.426351 ; 0.165227
0.426679 ; 0.165264
0.427004 ; 0.165302
0.427327 ; 0.16534
0.427648 ; 0.165379
0.427967 ; 0.165419
0.428283 ; 0.165459
0.428597 ; 0.1655
0.428908 ; 0.165541
0.429217 ; 0.165583
0.429524 ; 0.165626
0.429827 ; 0.165669
0.430129 ; 0.165712
0.430427 ; 0.165756
0.430724 ; 0.165801
0.431017 ; 0.165846
0.431308 ; 0.165891
0.431596 ; 0.165938
0.431881 ; 0.165984
0.432163 ; 0.166031
0.432443 ; 0.166079
0.432719 ; 0.166126
0.432993 ; 0.166175
0.433264 ; 0.166223
0.433532 ; 0.166272
0.433797 ; 0.166322
0.434059 ; 0.166372
0.434318 ; 0.166422
0.434574 ; 0.166473
0.434827 ; 0.166524
0.435077 ; 0.166575
0.435324 ; 0.166627
0.435568 ; 0.166679
0.435808 ; 0.166731
0.436046 ; 0.166783
0.43628 ; 0.166836
0.436511 ; 0.166889
0.436739 ; 0.166943
0.436964 ; 0.166996
0.437186 ; 0.16705
0.437404 ; 0.167104
0.437619 ; 0.167159
0.437831 ; 0.167213
0.438039 ; 0.167268
0.438244 ; 0.167323
0.438446 ; 0.167378
0.438645 ; 0.167433
0.438841 ; 0.167489
0.439033 ; 0.167544
0.439221 ; 0.1676
0.439407 ; 0.167656
0.439589 ; 0.167712
0.439768 ; 0.167768
0.439943 ; 0.167824
0.440115 ; 0.16788
0.440284 ; 0.167937
0.44045 ; 0.167993
0.440612 ; 0.16805
0.440771 ; 0.168106
0.440926 ; 0.168163
0.441078 ; 0.16822
0.441227 ; 0.168276
0.441373 ; 0.168333
0.441515 ; 0.16839
0.441654 ; 0.168446
0.441789 ; 0.168503
0.441922 ; 0.16856
0.442051 ; 0.168617
0.442176 ; 0.168673
0.442299 ; 0.16873
0.442418 ; 0.168786
0.442534 ; 0.168843
0.442646 ; 0.168899
0.442755 ; 0.168956
0.442861 ; 0.169012
0.442964 ; 0.169068
0.443064 ; 0.169124
0.44316 ; 0.16918
0.443253 ; 0.169236
0.443343 ; 0.169292
0.44343 ; 0.169347
0.443514 ; 0.169403
0.443594 ; 0.169458
0.443672 ; 0.169513
0.443746 ; 0.169568
0.443817 ; 0.169623
0.443885 ; 0.169678
0.44395 ; 0.169732
0.444012 ; 0.169787
0.444071 ; 0.169841
0.444127 ; 0.169895
0.44418 ; 0.169948
0.44423 ; 0.170002
0.444277 ; 0.170055
0.444321 ; 0.170108
0.444362 ; 0.170161
0.4444 ; 0.170213
0.444435 ; 0.170265
0.444468 ; 0.170317
0.444497 ; 0.170369
0.444524 ; 0.170421
0.444548 ; 0.170472
0.444569 ; 0.170523
0.444587 ; 0.170573
0.444603 ; 0.170624
0.444616 ; 0.170674
0.444626 ; 0.170724
0.444634 ; 0.170773
0.444639 ; 0.170822
0.444641 ; 0.170871
0.44464 ; 0.170919
0.444638 ; 0.170968
0.444632 ; 0.171015
0.444624 ; 0.171063
0.444614 ; 0.17111
0.444601 ; 0.171157
0.444585 ; 0.171203
0.444567 ; 0.171249
0.444547 ; 0.171295
0.444524 ; 0.171341
0.444499 ; 0.171386
0.444472 ; 0.17143
0.444443 ; 0.171474
0.444411 ; 0.171518
0.444376 ; 0.171562
0.44434 ; 0.171605
0.444302 ; 0.171648
0.444261 ; 0.17169
0.444218 ; 0.171732
0.444173 ; 0.171773
0.444126 ; 0.171815
0.444077 ; 0.171855
0.444026 ; 0.171896
0.443972 ; 0.171935
0.443917 ; 0.171975
0.44386 ; 0.172014
0.443801 ; 0.172053
0.44374 ; 0.172091
0.443677 ; 0.172129
0.443613 ; 0.172166
0.443546 ; 0.172203
0.443478 ; 0.172239
0.443408 ; 0.172275
0.443336 ; 0.172311
0.443263 ; 0.172346
0.443187 ; 0.172381
0.443111 ; 0.172415
0.443032 ; 0.172449
0.442952 ; 0.172482
0.442871 ; 0.172515
0.442788 ; 0.172548
0.442703 ; 0.17258
0.442617 ; 0.172611
0.442529 ; 0.172642
0.44244 ; 0.172673
0.44235 ; 0.172703
0.442258 ; 0.172733
0.442165 ; 0.172762
0.44207 ; 0.172791
0.441975 ; 0.172819
0.441878 ; 0.172847
0.441779 ; 0.172875
0.44168 ; 0.172902
0.441579 ; 0.172928
0.441477 ; 0.172954
0.441374 ; 0.17298
0.44127 ; 0.173005
0.441165 ; 0.17303
0.441059 ; 0.173054
0.440952 ; 0.173078
0.440843 ; 0.173101
0.440734 ; 0.173124
0.440624 ; 0.173146
0.440513 ; 0.173168
0.440401 ; 0.173189
0.440288 ; 0.17321
0.440175 ; 0.173231
0.44006 ; 0.173251
0.439945 ; 0.173271
0.439829 ; 0.17329
0.439712 ; 0.173308
0.439594 ; 0.173327
0.439476 ; 0.173344
0.439357 ; 0.173362
0.439238 ; 0.173378
0.439118 ; 0.173395
0.438997 ; 0.173411
0.438875 ; 0.173426
0.438754 ; 0.173441
0.438631 ; 0.173456
0.438508 ; 0.17347
0.438385 ; 0.173484
0.438261 ; 0.173497
0.438137 ; 0.17351
0.438012 ; 0.173522
0.437887 ; 0.173534
0.437762 ; 0.173546
0.437636 ; 0.173557
0.43751 ; 0.173567
0.437384 ; 0.173578
0.437257 ; 0.173587
0.43713 ; 0.173597
0.437003 ; 0.173606
0.436876 ; 0.173614
0.436748 ; 0.173622
0.436621 ; 0.17363
0.436493 ; 0.173637
0.436365 ; 0.173644
0.436237 ; 0.17365
0.436109 ; 0.173656
0.435981 ; 0.173662
0.435852 ; 0.173667
0.435724 ; 0.173672
0.435596 ; 0.173676
0.435468 ; 0.17368
0.43534 ; 0.173684
0.435212 ; 0.173687
0.435084 ; 0.17369
0.434956 ; 0.173692
0.434828 ; 0.173695
0.4347 ; 0.173696
0.434573 ; 0.173698
0.434445 ; 0.173698
0.434318 ; 0.173699
0.434191 ; 0.173699
0.434064 ; 0.173699
0.433938 ; 0.173699
0.433812 ; 0.173698
0.433686 ; 0.173696
0.43356 ; 0.173695
0.433435 ; 0.173693
0.43331 ; 0.173691
0.433185 ; 0.173688
0.433061 ; 0.173685
0.432937 ; 0.173682
0.432813 ; 0.173678
0.43269 ; 0.173674
0.432567 ; 0.17367
0.432445 ; 0.173665
0.432323 ; 0.17366
0.432201 ; 0.173655
0.43208 ; 0.17365
0.43196 ; 0.173644
0.43184 ; 0.173638
0.431721 ; 0.173631
0.431602 ; 0.173624
0.431483 ; 0.173617
0.431365 ; 0.17361
0.431248 ; 0.173602
0.431132 ; 0.173594
0.431016 ; 0.173586
0.4309 ; 0.173578
0.430785 ; 0.173569
0.430671 ; 0.17356
0.430558 ; 0.173551
0.430445 ; 0.173541
0.430333 ; 0.173531
0.430221 ; 0.173521
0.43011 ; 0.173511
0.43 ; 0.1735
0.429891 ; 0.17349
0.429782 ; 0.173479
0.429674 ; 0.173467
0.429567 ; 0.173456
0.42946 ; 0.173444
0.429354 ; 0.173432
0.429249 ; 0.17342
0.429145 ; 0.173408
0.429042 ; 0.173395
0.428939 ; 0.173382
0.428838 ; 0.173369
0.428737 ; 0.173356
0.428637 ; 0.173343
0.428537 ; 0.173329
0.428439 ; 0.173315
0.428341 ; 0.173301
0.428244 ; 0.173287
0.428149 ; 0.173273
0.428054 ; 0.173258
0.427959 ; 0.173244
0.427866 ; 0.173229
0.427774 ; 0.173214
0.427682 ; 0.173199
0.427592 ; 0.173183
0.427502 ; 0.173168
0.427413 ; 0.173152
0.427325 ; 0.173137
0.427239 ; 0.173121
0.427153 ; 0.173105
0.427068 ; 0.173088
0.426984 ; 0.173072
0.4269 ; 0.173056
0.426818 ; 0.173039
0.426737 ; 0.173023
0.426657 ; 0.173006
0.426577 ; 0.172989
0.426499 ; 0.172972
0.426422 ; 0.172955
0.426345 ; 0.172938
0.42627 ; 0.17292
0.426196 ; 0.172903
0.426122 ; 0.172885
0.42605 ; 0.172868
0.425978 ; 0.17285
0.425908 ; 0.172832
0.425838 ; 0.172815
0.42577 ; 0.172797
0.425702 ; 0.172779
0.425636 ; 0.172761
0.42557 ; 0.172743
0.425506 ; 0.172724
0.425443 ; 0.172706
0.42538 ; 0.172688
0.425319 ; 0.17267
0.425258 ; 0.172651
0.425199 ; 0.172633
0.42514 ; 0.172614
0.425083 ; 0.172596
0.425027 ; 0.172578
0.424971 ; 0.172559
0.424917 ; 0.17254
0.424864 ; 0.172522
0.424811 ; 0.172503
0.42476 ; 0.172485
0.42471 ; 0.172466
0.424661 ; 0.172447
0.424612 ; 0.172429
0.424565 ; 0.17241
0.424519 ; 0.172391
0.424474 ; 0.172373
0.42443 ; 0.172354
0.424386 ; 0.172335
0.424344 ; 0.172317
0.424303 ; 0.172298
0.424263 ; 0.17228
0.424224 ; 0.172261
0.424185 ; 0.172242
0.424148 ; 0.172224
0.424112 ; 0.172205
0.424077 ; 0.172187
0.424043 ; 0.172168
0.424009 ; 0.17215
0.423977 ; 0.172132
0.423946 ; 0.172113
0.423915 ; 0.172095
0.423886 ; 0.172077
0.423858 ; 0.172059
0.42383 ; 0.17204
0.423804 ; 0.172022
0.423778 ; 0.172004
0.423754 ; 0.171986
0.42373 ; 0.171968
0.423708 ; 0.17195
0.423686 ; 0.171933
0.423665 ; 0.171915
0.423645 ; 0.171897
0.423627 ; 0.17188
0.423609 ; 0.171862
0.423592 ; 0.171845
0.423575 ; 0.171827
0.42356 ; 0.17181
0.423546 ; 0.171793
0.423533 ; 0.171776
0.42352 ; 0.171759
0.423508 ; 0.171742
0.423498 ; 0.171725
0.423488 ; 0.171708
0.423479 ; 0.171691
0.423471 ; 0.171675
0.423463 ; 0.171658
0.423457 ; 0.171642
0.423452 ; 0.171626
0.423447 ; 0.171609
0.423443 ; 0.171593
0.42344 ; 0.171577
0.423438 ; 0.171562
0.423436 ; 0.171546
0.423436 ; 0.17153
0.423436 ; 0.171515
0.423437 ; 0.171499
0.423439 ; 0.171484
0.423442 ; 0.171469
0.423445 ; 0.171454
0.423449 ; 0.171439
0.423454 ; 0.171424
0.42346 ; 0.171409
0.423466 ; 0.171394
0.423474 ; 0.17138
0.423482 ; 0.171366
0.42349 ; 0.171351
0.4235 ; 0.171337
0.42351 ; 0.171323
0.423521 ; 0.17131
0.423532 ; 0.171296
0.423545 ; 0.171282
0.423558 ; 0.171269
0.423571 ; 0.171256
0.423586 ; 0.171243
0.423601 ; 0.17123
0.423616 ; 0.171217
0.423632 ; 0.171204
0.423649 ; 0.171191
0.423667 ; 0.171179
0.423685 ; 0.171167
0.423704 ; 0.171154
0.423723 ; 0.171142
0.423743 ; 0.17113
0.423764 ; 0.171119
0.423785 ; 0.171107
0.423807 ; 0.171096
0.423829 ; 0.171084
0.423852 ; 0.171073
0.423876 ; 0.171062
0.4239 ; 0.171051
0.423925 ; 0.171041
0.42395 ; 0.17103
0.423975 ; 0.17102
0.424001 ; 0.171009
0.424028 ; 0.170999
0.424055 ; 0.170989
0.424083 ; 0.170979
0.424111 ; 0.17097
0.42414 ; 0.17096
0.424169 ; 0.170951
0.424198 ; 0.170942
0.424228 ; 0.170933
0.424259 ; 0.170924
0.42429 ; 0.170915
0.424321 ; 0.170906
0.424353 ; 0.170898
0.424385 ; 0.17089
0.424417 ; 0.170881
0.42445 ; 0.170873
0.424484 ; 0.170866
0.424517 ; 0.170858
0.424551 ; 0.17085
0.424586 ; 0.170843
0.42462 ; 0.170836
0.424656 ; 0.170829
0.424691 ; 0.170822
0.424727 ; 0.170815
0.424763 ; 0.170808
0.424799 ; 0.170802
0.424836 ; 0.170795
0.424873 ; 0.170789
0.42491 ; 0.170783
0.424948 ; 0.170777
0.424985 ; 0.170772
0.425024 ; 0.170766
0.425062 ; 0.170761
0.4251 ; 0.170755
0.425139 ; 0.17075
0.425178 ; 0.170745
0.425218 ; 0.17074
0.425257 ; 0.170736
0.425297 ; 0.170731
0.425337 ; 0.170727
0.425377 ; 0.170723
0.425417 ; 0.170719
0.425457 ; 0.170715
0.425498 ; 0.170711
0.425539 ; 0.170707
0.42558 ; 0.170704
0.425621 ; 0.1707
0.425662 ; 0.170697
0.425703 ; 0.170694
0.425744 ; 0.170691
0.425786 ; 0.170688
0.425828 ; 0.170685
0.425869 ; 0.170683
0.425911 ; 0.170681
0.425953 ; 0.170678
0.425995 ; 0.170676
0.426037 ; 0.170674
0.426079 ; 0.170672
0.426121 ; 0.170671
0.426163 ; 0.170669
0.426206 ; 0.170668
0.426248 ; 0.170666
0.42629 ; 0.170665
0.426333 ; 0.170664
0.426375 ; 0.170663
0.426417 ; 0.170662
0.42646 ; 0.170662
0.426502 ; 0.170661
0.426544 ; 0.170661
0.426587 ; 0.17066
0.426629 ; 0.17066
0.426671 ; 0.17066
0.426713 ; 0.17066
0.426755 ; 0.17066
0.426797 ; 0.170661
0.426839 ; 0.170661
0.426881 ; 0.170661
0.426923 ; 0.170662
0.426965 ; 0.170663
0.427007 ; 0.170664
0.427048 ; 0.170665
0.42709 ; 0.170666
0.427131 ; 0.170667
0.427173 ; 0.170668
0.427214 ; 0.17067
0.427255 ; 0.170671
0.427296 ; 0.170673
0.427337 ; 0.170675
0.427377 ; 0.170677
0.427418 ; 0.170679
0.427458 ; 0.170681
0.427498 ; 0.170683
0.427539 ; 0.170685
0.427578 ; 0.170687
0.427618 ; 0.17069
0.427658 ; 0.170692
0.427697 ; 0.170695
0.427736 ; 0.170698
0.427775 ; 0.170701
0.427814 ; 0.170704
0.427853 ; 0.170707
0.427891 ; 0.17071
0.42793 ; 0.170713
0.427968 ; 0.170716
0.428005 ; 0.170719
0.428043 ; 0.170723
0.42808 ; 0.170726
0.428117 ; 0.17073
0.428154 ; 0.170734
0.428191 ; 0.170737
0.428227 ; 0.170741
0.428264 ; 0.170745
0.4283 ; 0.170749
0.428335 ; 0.170753
0.428371 ; 0.170757
0.428406 ; 0.170762
0.428441 ; 0.170766
0.428475 ; 0.17077
0.42851 ; 0.170775
0.428544 ; 0.170779
0.428578 ; 0.170784
0.428611 ; 0.170788
0.428645 ; 0.170793
0.428678 ; 0.170798
0.42871 ; 0.170803
0.428743 ; 0.170807
0.428775 ; 0.170812
0.428807 ; 0.170817
0.428838 ; 0.170822
0.428869 ; 0.170827
0.4289 ; 0.170833
0.428931 ; 0.170838
0.428961 ; 0.170843
0.428991 ; 0.170848
0.429021 ; 0.170854
0.42905 ; 0.170859
0.429079 ; 0.170864
0.429108 ; 0.17087
0.429137 ; 0.170875
0.429165 ; 0.170881
0.429192 ; 0.170886
0.42922 ; 0.170892
0.429247 ; 0.170898
0.429274 ; 0.170903
0.4293 ; 0.170909
0.429326 ; 0.170915
0.429352 ; 0.170921
0.429378 ; 0.170927
0.429403 ; 0.170932
0.429427 ; 0.170938
0.429452 ; 0.170944
0.429476 ; 0.17095
0.4295 ; 0.170956
0.429523 ; 0.170962
0.429546 ; 0.170968
0.429569 ; 0.170974
0.429591 ; 0.17098
0.429613 ; 0.170986
0.429635 ; 0.170993
0.429656 ; 0.170999
0.429677 ; 0.171005
0.429698 ; 0.171011
0.429718 ; 0.171017
0.429738 ; 0.171023
0.429758 ; 0.17103
0.429777 ; 0.171036
0.429796 ; 0.171042
0.429814 ; 0.171048
0.429833 ; 0.171055
0.429851 ; 0.171061
0.429868 ; 0.171067
0.429885 ; 0.171073
0.429902 ; 0.17108
0.429918 ; 0.171086
0.429934 ; 0.171092
0.42995 ; 0.171098
0.429966 ; 0.171105
0.429981 ; 0.171111
0.429995 ; 0.171117
0.43001 ; 0.171123
0.430024 ; 0.17113
0.430037 ; 0.171136
0.430051 ; 0.171142
0.430064 ; 0.171149
0.430076 ; 0.171155
0.430089 ; 0.171161
0.430101 ; 0.171167
0.430112 ; 0.171173
0.430123 ; 0.17118
0.430134 ; 0.171186
0.430145 ; 0.171192
0.430155 ; 0.171198
0.430165 ; 0.171204
0.430175 ; 0.17121
0.430184 ; 0.171217
0.430193 ; 0.171223
0.430202 ; 0.171229
0.43021 ; 0.171235
0.430218 ; 0.171241
0.430225 ; 0.171247
0.430233 ; 0.171253
0.43024 ; 0.171259
0.430246 ; 0.171265
0.430253 ; 0.171271
0.430259 ; 0.171277
0.430264 ; 0.171283
0.43027 ; 0.171288
0.430275 ; 0.171294
0.430279 ; 0.1713
0.430284 ; 0.171306
0.430288 ; 0.171312
0.430292 ; 0.171317
0.430295 ; 0.171323
0.430299 ; 0.171329
0.430301 ; 0.171334
0.430304 ; 0.17134
0.430306 ; 0.171345
0.430308 ; 0.171351
0.43031 ; 0.171356
0.430312 ; 0.171362
0.430313 ; 0.171367
0.430314 ; 0.171373
0.430314 ; 0.171378
0.430315 ; 0.171383
0.430315 ; 0.171389
0.430314 ; 0.171394
0.430314 ; 0.171399
0.430313 ; 0.171404
0.430312 ; 0.17141
0.430311 ; 0.171415
0.430309 ; 0.17142
0.430307 ; 0.171425
0.430305 ; 0.17143
0.430303 ; 0.171435
0.4303 ; 0.171439
0.430297 ; 0.171444
0.430294 ; 0.171449
0.430291 ; 0.171454
0.430287 ; 0.171459
0.430284 ; 0.171463
0.430279 ; 0.171468
0.430275 ; 0.171472
0.430271 ; 0.171477
0.430266 ; 0.171482
0.430261 ; 0.171486
0.430256 ; 0.17149
0.43025 ; 0.171495
0.430244 ; 0.171499
0.430239 ; 0.171503
0.430232 ; 0.171508
0.430226 ; 0.171512
0.43022 ; 0.171516
0.430213 ; 0.17152
0.430206 ; 0.171524
0.430199 ; 0.171528
0.430192 ; 0.171532
0.430184 ; 0.171536
0.430176 ; 0.17154
0.430168 ; 0.171543
0.43016 ; 0.171547
0.430152 ; 0.171551
0.430144 ; 0.171554
0.430135 ; 0.171558
0.430126 ; 0.171562
0.430117 ; 0.171565
0.430108 ; 0.171568
0.430099 ; 0.171572
0.430089 ; 0.171575
0.43008 ; 0.171578
0.43007 ; 0.171582
0.43006 ; 0.171585
0.43005 ; 0.171588
0.43004 ; 0.171591
0.430029 ; 0.171594
0.430019 ; 0.171597
0.430008 ; 0.1716
0.429997 ; 0.171603
0.429986 ; 0.171606
0.429975 ; 0.171608
0.429964 ; 0.171611
0.429953 ; 0.171614
0.429941 ; 0.171616
0.429929 ; 0.171619
0.429918 ; 0.171622
0.429906 ; 0.171624
0.429894 ; 0.171626
0.429882 ; 0.171629
0.42987 ; 0.171631
0.429858 ; 0.171633
0.429845 ; 0.171636
0.429833 ; 0.171638
0.42982 ; 0.17164
0.429808 ; 0.171642
0.429795 ; 0.171644
0.429782 ; 0.171646
0.429769 ; 0.171648
0.429756 ; 0.17165
0.429743 ; 0.171651
0.42973 ; 0.171653
0.429717 ; 0.171655
0.429704 ; 0.171657
0.42969 ; 0.171658
0.429677 ; 0.17166
0.429663 ; 0.171661
0.42965 ; 0.171663
0.429636 ; 0.171664
0.429623 ; 0.171665
0.429609 ; 0.171667
0.429595 ; 0.171668
0.429581 ; 0.171669
0.429568 ; 0.17167
0.429554 ; 0.171672
0.42954 ; 0.171673
0.429526 ; 0.171674
0.429512 ; 0.171675
0.429498 ; 0.171676
0.429484 ; 0.171676
0.42947 ; 0.171677
0.429456 ; 0.171678
0.429441 ; 0.171679
0.429427 ; 0.171679
0.429413 ; 0.17168
0.429399 ; 0.171681
0.429385 ; 0.171681
0.429371 ; 0.171682
0.429356 ; 0.171682
0.429342 ; 0.171683
0.429328 ; 0.171683
0.429314 ; 0.171683
0.429299 ; 0.171684
0.429285 ; 0.171684
0.429271 ; 0.171684
0.429257 ; 0.171684
0.429243 ; 0.171685
0.429229 ; 0.171685
0.429214 ; 0.171685
0.4292 ; 0.171685
0.429186 ; 0.171685
0.429172 ; 0.171685
0.429158 ; 0.171684
0.429144 ; 0.171684
0.42913 ; 0.171684
0.429116 ; 0.171684
0.429102 ; 0.171684
0.429088 ; 0.171683
0.429074 ; 0.171683
0.42906 ; 0.171683
0.429046 ; 0.171682
0.429032 ; 0.171682
0.429019 ; 0.171681
0.429005 ; 0.171681
0.428991 ; 0.17168
0.428978 ; 0.17168
0.428964 ; 0.171679
0.428951 ; 0.171678
0.428937 ; 0.171678
0.428924 ; 0.171677
0.42891 ; 0.171676
0.428897 ; 0.171675
0.428884 ; 0.171674
0.428871 ; 0.171674
0.428858 ; 0.171673
0.428844 ; 0.171672
0.428832 ; 0.171671
0.428819 ; 0.17167
0.428806 ; 0.171669
0.428793 ; 0.171668
0.42878 ; 0.171667
0.428768 ; 0.171666
0.428755 ; 0.171664
0.428743 ; 0.171663
0.42873 ; 0.171662
0.428718 ; 0.171661
0.428706 ; 0.17166
0.428693 ; 0.171658
0.428681 ; 0.171657
0.428669 ; 0.171656
0.428657 ; 0.171654
0.428645 ; 0.171653
0.428634 ; 0.171652
0.428622 ; 0.17165
0.42861 ; 0.171649
0.428599 ; 0.171647
0.428588 ; 0.171646
0.428576 ; 0.171644
0.428565 ; 0.171643
0.428554 ; 0.171641
0.428543 ; 0.17164
0.428532 ; 0.171638
0.428521 ; 0.171636
0.42851 ; 0.171635
0.4285 ; 0.171633
0.428489 ; 0.171631
0.428479 ; 0.17163
0.428468 ; 0.171628
0.428458 ; 0.171626
0.428448 ; 0.171625
0.428438 ; 0.171623
0.428428 ; 0.171621
0.428418 ; 0.171619
0.428408 ; 0.171618
0.428399 ; 0.171616
0.428389 ; 0.171614
0.42838 ; 0.171612
0.428371 ; 0.17161
0.428361 ; 0.171608
0.428352 ; 0.171606
0.428343 ; 0.171605
0.428335 ; 0.171603
0.428326 ; 0.171601
0.428317 ; 0.171599
0.428309 ; 0.171597
0.4283 ; 0.171595
0.428292 ; 0.171593
0.428284 ; 0.171591
0.428276 ; 0.171589
0.428268 ; 0.171587
0.42826 ; 0.171585
0.428252 ; 0.171583
0.428245 ; 0.171581
0.428237 ; 0.171579
0.42823 ; 0.171577
0.428222 ; 0.171575
0.428215 ; 0.171573
