1.0 ; 0.25
0.97994 ; 0.250752
0.96088 ; 0.251474
0.942738 ; 0.252165
0.925441 ; 0.252825
0.908922 ; 0.253457
0.893123 ; 0.254058
0.877991 ; 0.254631
0.863478 ; 0.255175
0.84954 ; 0.25569
0.836139 ; 0.256178
0.823239 ; 0.256638
0.810808 ; 0.25707
0.798815 ; 0.257475
0.787234 ; 0.257854
0.776039 ; 0.258206
0.76521 ; 0.258533
0.754723 ; 0.258833
0.74456 ; 0.259108
0.734703 ; 0.259358
0.725137 ; 0.259584
0.715844 ; 0.259785
0.706813 ; 0.259962
0.698028 ; 0.260115
0.689479 ; 0.260244
0.681154 ; 0.260351
0.673042 ; 0.260435
0.665133 ; 0.260496
0.657419 ; 0.260535
0.649891 ; 0.260552
0.642541 ; 0.260548
0.63536 ; 0.260523
0.628343 ; 0.260476
0.621483 ; 0.260409
0.614773 ; 0.260322
0.608207 ; 0.260215
0.60178 ; 0.260088
0.595487 ; 0.259942
0.589323 ; 0.259777
0.583282 ; 0.259593
0.577362 ; 0.259391
0.571557 ; 0.259171
0.565864 ; 0.258933
0.560279 ; 0.258677
0.554799 ; 0.258405
0.549419 ; 0.258115
0.544137 ; 0.257809
0.538951 ; 0.257487
0.533856 ; 0.257148
0.528851 ; 0.256794
0.523932 ; 0.256425
0.519098 ; 0.256041
0.514346 ; 0.255642
0.509673 ; 0.255228
0.505078 ; 0.254801
0.500558 ; 0.254359
0.496111 ; 0.253904
0.491736 ; 0.253435
0.487431 ; 0.252954
0.483194 ; 0.25246
0.479023 ; 0.251953
0.474917 ; 0.251434
0.470875 ; 0.250903
0.466894 ; 0.250361
0.462973 ; 0.249807
0.459112 ; 0.249242
0.455309 ; 0.248666
0.451562 ; 0.24808
0.44787 ; 0.247483
0.444233 ; 0.246877
0.440649 ; 0.246261
0.437116 ; 0.245635
0.433635 ; 0.245
0.430204 ; 0.244356
0.426822 ; 0.243703
0.423487 ; 0.243042
0.420201 ; 0.242372
0.41696 ; 0.241695
0.413765 ; 0.241009
0.410615 ; 0.240317
0.407509 ; 0.239617
0.404445 ; 0.238909
0.401425 ; 0.238196
0.398446 ; 0.237475
0.395508 ; 0.236748
0.392611 ; 0.236015
0.389753 ; 0.235276
0.386934 ; 0.234532
0.384154 ; 0.233782
0.381412 ; 0.233026
0.378708 ; 0.232266
0.37604 ; 0.231501
0.373408 ; 0.230731
0.370812 ; 0.229956
0.368252 ; 0.229178
0.365726 ; 0.228395
0.363234 ; 0.227609
0.360777 ; 0.226819
0.358352 ; 0.226026
0.355961 ; 0.225229
0.353602 ; 0.224429
0.351275 ; 0.223626
0.34898 ; 0.222821
0.346716 ; 0.222013
0.344483 ; 0.221203
0.342281 ; 0.220391
0.340108 ; 0.219576
0.337966 ; 0.21876
0.335853 ; 0.217942
0.333769 ; 0.217123
0.331713 ; 0.216302
0.329687 ; 0.21548
0.327688 ; 0.214657
0.325717 ; 0.213833
0.323774 ; 0.213008
0.321858 ; 0.212183
0.319969 ; 0.211358
0.318107 ; 0.210532
0.316271 ; 0.209706
0.314462 ; 0.20888
0.312678 ; 0.208054
0.31092 ; 0.207228
0.309187 ; 0.206403
0.30748 ; 0.205579
0.305797 ; 0.204755
0.304139 ; 0.203931
0.302506 ; 0.203109
0.300897 ; 0.202288
0.299312 ; 0.201468
0.297751 ; 0.200649
0.296213 ; 0.199832
0.294699 ; 0.199016
0.293209 ; 0.198201
0.291741 ; 0.197389
0.290296 ; 0.196578
0.288875 ; 0.195769
0.287475 ; 0.194963
0.286098 ; 0.194158
0.284744 ; 0.193355
0.283411 ; 0.192555
0.282101 ; 0.191758
0.280812 ; 0.190963
0.279545 ; 0.19017
0.278299 ; 0.189381
0.277075 ; 0.188594
0.275872 ; 0.187809
0.27469 ; 0.187028
0.273529 ; 0.18625
0.272389 ; 0.185475
0.27127 ; 0.184704
0.270171 ; 0.183935
0.269093 ; 0.18317
0.268035 ; 0.182409
0.266998 ; 0.181651
0.26598 ; 0.180896
0.264983 ; 0.180145
0.264006 ; 0.179398
0.263049 ; 0.178655
0.262112 ; 0.177915
0.261194 ; 0.17718
0.260297 ; 0.176448
0.259418 ; 0.175721
0.25856 ; 0.174997
0.257721 ; 0.174278
0.256901 ; 0.173563
0.2561 ; 0.172852
0.255319 ; 0.172146
0.254557 ; 0.171444
0.253815 ; 0.170746
0.253091 ; 0.170053
0.252387 ; 0.169364
0.251701 ; 0.16868
0.251035 ; 0.168001
0.250387 ; 0.167326
0.249758 ; 0.166656
0.249149 ; 0.165991
0.248558 ; 0.165331
0.247986 ; 0.164675
0.247432 ; 0.164024
0.246898 ; 0.163379
0.246382 ; 0.162738
0.245885 ; 0.162102
0.245407 ; 0.161471
0.244947 ; 0.160846
0.244506 ; 0.160225
0.244084 ; 0.15961
0.243681 ; 0.158999
0.243296 ; 0.158394
0.24293 ; 0.157794
0.242583 ; 0.1572
0.242254 ; 0.156611
0.241944 ; 0.156027
0.241653 ; 0.155448
0.241381 ; 0.154875
0.241128 ; 0.154307
0.240893 ; 0.153745
0.240677 ; 0.153188
0.24048 ; 0.152636
0.240302 ; 0.152091
0.240143 ; 0.15155
0.240003 ; 0.151015
0.239881 ; 0.150486
0.239779 ; 0.149962
0.239696 ; 0.149444
0.239632 ; 0.148932
0.239587 ; 0.148425
0.239562 ; 0.147923
0.239555 ; 0.147428
0.239568 ; 0.146938
0.239601 ; 0.146454
0.239653 ; 0.145975
0.239724 ; 0.145503
0.239815 ; 0.145036
0.239925 ; 0.144574
0.240055 ; 0.144119
0.240205 ; 0.143669
0.240374 ; 0.143225
0.240564 ; 0.142787
0.240773 ; 0.142355
0.241003 ; 0.141929
0.241252 ; 0.141508
0.241522 ; 0.141093
0.241812 ; 0.140684
0.242122 ; 0.140281
0.242453 ; 0.139884
0.242804 ; 0.139493
0.243175 ; 0.139107
0.243567 ; 0.138728
0.24398 ; 0.138354
0.244414 ; 0.137986
0.244869 ; 0.137625
0.245344 ; 0.137269
0.245841 ; 0.136918
0.246358 ; 0.136574
0.246897 ; 0.136236
0.247458 ; 0.135904
0.248039 ; 0.135577
0.248642 ; 0.135257
0.249267 ; 0.134942
0.249913 ; 0.134633
0.250581 ; 0.134331
0.25127 ; 0.134034
0.251982 ; 0.133743
0.252715 ; 0.133458
0.253471 ; 0.133179
0.254248 ; 0.132906
0.255048 ; 0.132638
0.255869 ; 0.132377
0.256714 ; 0.132121
0.25758 ; 0.131872
0.258469 ; 0.131628
0.25938 ; 0.13139
0.260314 ; 0.131159
0.26127 ; 0.130932
0.262249 ; 0.130712
0.263251 ; 0.130498
0.264276 ; 0.13029
0.265323 ; 0.130087
0.266393 ; 0.12989
0.267485 ; 0.129699
0.268601 ; 0.129514
0.269739 ; 0.129335
0.2709 ; 0.129161
0.272084 ; 0.128994
0.273291 ; 0.128832
0.274521 ; 0.128676
0.275774 ; 0.128525
0.277049 ; 0.128381
0.278347 ; 0.128242
0.279668 ; 0.128109
0.281012 ; 0.127981
0.282378 ; 0.12786
0.283767 ; 0.127744
0.285179 ; 0.127633
0.286613 ; 0.127528
0.288069 ; 0.127429
0.289547 ; 0.127336
0.291048 ; 0.127248
0.292571 ; 0.127166
0.294116 ; 0.127089
0.295682 ; 0.127018
0.297271 ; 0.126952
0.29888 ; 0.126892
0.300511 ; 0.126837
0.302164 ; 0.126788
0.303837 ; 0.126744
0.305531 ; 0.126706
0.307246 ; 0.126673
0.308981 ; 0.126646
0.310736 ; 0.126623
0.312511 ; 0.126606
0.314305 ; 0.126595
0.316119 ; 0.126589
0.317952 ; 0.126588
0.319804 ; 0.126592
0.321674 ; 0.126601
0.323562 ; 0.126616
0.325468 ; 0.126636
0.327392 ; 0.126661
0.329333 ; 0.126691
0.33129 ; 0.126726
0.333264 ; 0.126766
0.335253 ; 0.126811
0.337258 ; 0.126861
0.339279 ; 0.126916
0.341313 ; 0.126976
0.343363 ; 0.12704
0.345425 ; 0.12711
0.347501 ; 0.127184
0.34959 ; 0.127264
0.351691 ; 0.127348
0.353804 ; 0.127436
0.355928 ; 0.12753
0.358063 ; 0.127627
0.360208 ; 0.12773
0.362363 ; 0.127837
0.364526 ; 0.127949
0.366698 ; 0.128065
0.368878 ; 0.128185
0.371066 ; 0.12831
0.373259 ; 0.12844
0.37546 ; 0.128573
0.377665 ; 0.128711
0.379875 ; 0.128854
0.38209 ; 0.129
0.384308 ; 0.129151
0.386529 ; 0.129305
0.388752 ; 0.129464
0.390977 ; 0.129627
0.393203 ; 0.129794
0.395429 ; 0.129965
0.397655 ; 0.130139
0.39988 ; 0.130318
0.402103 ; 0.1305
0.404324 ; 0.130686
0.406541 ; 0.130876
0.408755 ; 0.13107
0.410965 ; 0.131267
0.413169 ; 0.131467
0.415368 ; 0.131672
0.41756 ; 0.13188
0.419746 ; 0.132091
0.421923 ; 0.132305
0.424092 ; 0.132523
0.426252 ; 0.132745
0.428403 ; 0.132969
0.430543 ; 0.133197
0.432672 ; 0.133428
0.43479 ; 0.133662
0.436895 ; 0.133899
0.438988 ; 0.134139
0.441067 ; 0.134382
0.443132 ; 0.134628
0.445183 ; 0.134877
0.447218 ; 0.135128
0.449238 ; 0.135382
0.451241 ; 0.135639
0.453228 ; 0.135899
0.455197 ; 0.136161
0.457149 ; 0.136426
0.459082 ; 0.136694
0.460996 ; 0.136963
0.462891 ; 0.137236
0.464766 ; 0.13751
0.46662 ; 0.137787
0.468455 ; 0.138066
0.470268 ; 0.138347
0.472059 ; 0.13863
0.473829 ; 0.138916
0.475576 ; 0.139203
0.477301 ; 0.139493
0.479002 ; 0.139784
0.48068 ; 0.140077
0.482335 ; 0.140373
0.483966 ; 0.140669
0.485572 ; 0.140968
0.487154 ; 0.141268
0.488711 ; 0.14157
0.490243 ; 0.141873
0.49175 ; 0.142178
0.493232 ; 0.142485
0.494687 ; 0.142792
0.496117 ; 0.143102
0.497521 ; 0.143412
0.498899 ; 0.143724
0.500251 ; 0.144037
0.501576 ; 0.144351
0.502875 ; 0.144666
0.504147 ; 0.144982
0.505392 ; 0.145299
0.506611 ; 0.145617
0.507802 ; 0.145936
0.508967 ; 0.146256
0.510105 ; 0.146577
0.511217 ; 0.146898
0.512301 ; 0.14722
0.513358 ; 0.147543
0.514389 ; 0.147866
0.515393 ; 0.14819
0.51637 ; 0.148514
0.51732 ; 0.148839
0.518244 ; 0.149164
0.519141 ; 0.14949
0.520011 ; 0.149815
0.520855 ; 0.150142
0.521673 ; 0.150468
0.522465 ; 0.150794
0.523231 ; 0.151121
0.523971 ; 0.151447
0.524685 ; 0.151774
0.525373 ; 0.152101
0.526036 ; 0.152427
0.526674 ; 0.152754
0.527286 ; 0.15308
0.527874 ; 0.153406
0.528437 ; 0.153732
0.528975 ; 0.154057
0.529489 ; 0.154382
0.529979 ; 0.154707
0.530445 ; 0.155031
0.530887 ; 0.155355
0.531306 ; 0.155678
0.531701 ; 0.156001
0.532073 ; 0.156323
0.532423 ; 0.156644
0.53275 ; 0.156965
0.533054 ; 0.157285
0.533336 ; 0.157604
0.533597 ; 0.157923
0.533836 ; 0.15824
0.534053 ; 0.158557
0.53425 ; 0.158873
0.534425 ; 0.159188
0.53458 ; 0.159502
0.534714 ; 0.159814
0.534829 ; 0.160126
0.534923 ; 0.160436
0.534998 ; 0.160746
0.535054 ; 0.161054
0.535091 ; 0.161361
0.535108 ; 0.161667
0.535108 ; 0.161971
0.535089 ; 0.162274
0.535052 ; 0.162576
0.534997 ; 0.162876
0.534925 ; 0.163175
0.534836 ; 0.163472
0.53473 ; 0.163768
0.534607 ; 0.164062
0.534468 ; 0.164355
0.534312 ; 0.164646
0.534141 ; 0.164936
0.533954 ; 0.165224
0.533752 ; 0.16551
0.533535 ; 0.165794
0.533303 ; 0.166077
0.533056 ; 0.166358
0.532795 ; 0.166637
0.53252 ; 0.166915
0.532231 ; 0.16719
0.531929 ; 0.167464
0.531614 ; 0.167735
0.531285 ; 0.168005
0.530943 ; 0.168273
0.530589 ; 0.168538
0.530223 ; 0.168802
0.529845 ; 0.169064
0.529455 ; 0.169324
0.529053 ; 0.169581
0.52864 ; 0.169837
0.528216 ; 0.17009
0.52778 ; 0.170341
0.527335 ; 0.17059
0.526879 ; 0.170837
0.526412 ; 0.171082
0.525936 ; 0.171324
0.52545 ; 0.171565
0.524954 ; 0.171803
0.524449 ; 0.172038
0.523935 ; 0.172272
0.523412 ; 0.172503
0.522881 ; 0.172731
0.522341 ; 0.172958
0.521792 ; 0.173182
0.521236 ; 0.173403
0.520672 ; 0.173623
0.5201 ; 0.17384
0.519521 ; 0.174054
0.518934 ; 0.174266
0.518341 ; 0.174476
0.51774 ; 0.174683
0.517133 ; 0.174887
0.51652 ; 0.17509
0.5159 ; 0.175289
0.515274 ; 0.175487
0.514642 ; 0.175681
0.514004 ; 0.175873
0.513361 ; 0.176063
0.512712 ; 0.17625
0.512058 ; 0.176435
0.511399 ; 0.176617
0.510735 ; 0.176796
0.510067 ; 0.176973
0.509393 ; 0.177148
0.508716 ; 0.17732
0.508034 ; 0.177489
0.507348 ; 0.177656
0.506658 ; 0.17782
0.505964 ; 0.177981
0.505267 ; 0.17814
0.504566 ; 0.178296
0.503862 ; 0.17845
0.503155 ; 0.178601
0.502444 ; 0.17875
0.501731 ; 0.178896
0.501015 ; 0.179039
0.500296 ; 0.17918
0.499575 ; 0.179318
0.498852 ; 0.179453
0.498126 ; 0.179586
0.497398 ; 0.179717
0.496668 ; 0.179845
0.495937 ; 0.17997
0.495203 ; 0.180092
0.494468 ; 0.180212
0.493732 ; 0.18033
0.492994 ; 0.180445
0.492255 ; 0.180557
0.491515 ; 0.180667
0.490774 ; 0.180774
0.490032 ; 0.180878
0.48929 ; 0.180981
0.488546 ; 0.18108
0.487802 ; 0.181177
0.487058 ; 0.181271
0.486313 ; 0.181363
0.485568 ; 0.181453
0.484823 ; 0.18154
0.484078 ; 0.181624
0.483333 ; 0.181706
0.482589 ; 0.181786
0.481844 ; 0.181863
0.4811 ; 0.181937
0.480356 ; 0.182009
0.479613 ; 0.182079
0.47887 ; 0.182146
0.478128 ; 0.182211
0.477387 ; 0.182273
0.476647 ; 0.182333
0.475908 ; 0.182391
0.47517 ; 0.182446
0.474433 ; 0.182499
0.473698 ; 0.182549
0.472963 ; 0.182598
0.47223 ; 0.182644
0.471499 ; 0.182687
0.470769 ; 0.182728
0.470041 ; 0.182767
0.469314 ; 0.182804
0.468589 ; 0.182839
0.467866 ; 0.182871
0.467145 ; 0.182901
0.466426 ; 0.182929
0.465709 ; 0.182954
0.464995 ; 0.182978
0.464282 ; 0.182999
0.463572 ; 0.183018
0.462864 ; 0.183036
0.462158 ; 0.18305
0.461455 ; 0.183063
0.460754 ; 0.183074
0.460056 ; 0.183083
0.45936 ; 0.18309
0.458668 ; 0.183094
0.457978 ; 0.183097
0.45729 ; 0.183098
0.456606 ; 0.183096
0.455925 ; 0.183093
0.455246 ; 0.183088
0.454571 ; 0.183081
0.453898 ; 0.183072
0.453229 ; 0.183061
0.452563 ; 0.183048
0.4519 ; 0.183034
0.45124 ; 0.183017
0.450584 ; 0.182999
0.449931 ; 0.182979
0.449282 ; 0.182957
0.448636 ; 0.182934
0.447993 ; 0.182909
0.447354 ; 0.182882
0.446719 ; 0.182853
0.446087 ; 0.182823
0.445459 ; 0.182791
0.444834 ; 0.182758
0.444214 ; 0.182722
0.443597 ; 0.182686
0.442984 ; 0.182647
0.442374 ; 0.182608
0.441769 ; 0.182566
0.441168 ; 0.182524
0.44057 ; 0.182479
0.439977 ; 0.182433
0.439388 ; 0.182386
0.438802 ; 0.182338
0.438221 ; 0.182288
0.437644 ; 0.182236
0.437071 ; 0.182183
0.436502 ; 0.182129
0.435938 ; 0.182074
0.435378 ; 0.182017
0.434822 ; 0.181959
0.43427 ; 0.1819
0.433722 ; 0.18184
0.433179 ; 0.181778
0.432641 ; 0.181715
0.432107 ; 0.181651
0.431577 ; 0.181586
0.431051 ; 0.18152
0.430531 ; 0.181452
0.430014 ; 0.181384
0.429502 ; 0.181314
0.428995 ; 0.181244
0.428492 ; 0.181172
0.427994 ; 0.1811
0.4275 ; 0.181026
0.427011 ; 0.180952
0.426527 ; 0.180876
0.426047 ; 0.1808
0.425572 ; 0.180722
0.425102 ; 0.180644
0.424637 ; 0.180565
0.424176 ; 0.180485
0.423719 ; 0.180405
0.423268 ; 0.180323
0.422821 ; 0.180241
0.422379 ; 0.180158
0.421942 ; 0.180074
0.42151 ; 0.17999
0.421083 ; 0.179905
0.42066 ; 0.179819
0.420242 ; 0.179732
0.419829 ; 0.179645
0.419421 ; 0.179558
0.419018 ; 0.179469
0.418619 ; 0.17938
0.418226 ; 0.179291
0.417837 ; 0.179201
0.417453 ; 0.179111
0.417074 ; 0.17902
0.416701 ; 0.178928
0.416331 ; 0.178836
0.415967 ; 0.178744
0.415608 ; 0.178651
0.415254 ; 0.178558
0.414905 ; 0.178464
0.41456 ; 0.17837
0.414221 ; 0.178276
0.413886 ; 0.178181
0.413556 ; 0.178086
0.413232 ; 0.177991
0.412912 ; 0.177896
0.412597 ; 0.1778
0.412287 ; 0.177704
0.411983 ; 0.177607
0.411683 ; 0.177511
0.411388 ; 0.177414
0.411098 ; 0.177318
0.410812 ; 0.177221
0.410532 ; 0.177123
0.410257 ; 0.177026
0.409987 ; 0.176929
0.409721 ; 0.176831
0.409461 ; 0.176734
0.409205 ; 0.176636
0.408954 ; 0.176539
0.408709 ; 0.176441
0.408468 ; 0.176344
0.408232 ; 0.176246
0.408001 ; 0.176148
0.407775 ; 0.176051
0.407553 ; 0.175953
0.407337 ; 0.175856
0.407125 ; 0.175759
0.406918 ; 0.175661
0.406716 ; 0.175564
0.406519 ; 0.175467
0.406327 ; 0.17537
0.406139 ; 0.175274
0.405957 ; 0.175177
0.405779 ; 0.175081
0.405606 ; 0.174984
0.405437 ; 0.174889
0.405274 ; 0.174793
0.405115 ; 0.174697
0.40496 ; 0.174602
0.404811 ; 0.174507
0.404666 ; 0.174412
0.404526 ; 0.174318
0.404391 ; 0.174224
0.40426 ; 0.17413
0.404134 ; 0.174037
0.404012 ; 0.173943
0.403895 ; 0.173851
0.403783 ; 0.173758
0.403675 ; 0.173666
0.403572 ; 0.173574
0.403473 ; 0.173483
0.403379 ; 0.173392
0.403289 ; 0.173302
0.403204 ; 0.173212
0.403123 ; 0.173122
0.403046 ; 0.173033
0.402974 ; 0.172944
0.402907 ; 0.172856
0.402844 ; 0.172769
0.402785 ; 0.172681
0.40273 ; 0.172595
0.40268 ; 0.172508
0.402634 ; 0.172423
0.402592 ; 0.172337
0.402555 ; 0.172253
0.402522 ; 0.172169
0.402493 ; 0.172085
0.402468 ; 0.172002
0.402447 ; 0.17192
0.40243 ; 0.171838
0.402418 ; 0.171757
0.402409 ; 0.171676
0.402405 ; 0.171596
0.402404 ; 0.171517
0.402408 ; 0.171438
0.402415 ; 0.17136
0.402426 ; 0.171282
0.402442 ; 0.171205
0.402461 ; 0.171129
0.402484 ; 0.171053
0.402511 ; 0.170978
0.402541 ; 0.170904
0.402576 ; 0.17083
0.402614 ; 0.170757
0.402656 ; 0.170685
0.402701 ; 0.170613
0.40275 ; 0.170543
0.402803 ; 0.170472
0.402859 ; 0.170403
0.402919 ; 0.170334
0.402982 ; 0.170266
0.403049 ; 0.170199
0.403119 ; 0.170132
0.403192 ; 0.170066
0.403269 ; 0.170001
0.40335 ; 0.169937
0.403433 ; 0.169873
0.40352 ; 0.16981
0.40361 ; 0.169748
0.403704 ; 0.169686
0.4038 ; 0.169626
0.4039 ; 0.169566
0.404002 ; 0.169507
0.404108 ; 0.169448
0.404217 ; 0.169391
0.404329 ; 0.169334
0.404444 ; 0.169278
0.404561 ; 0.169222
0.404682 ; 0.169168
0.404805 ; 0.169114
0.404931 ; 0.169061
0.40506 ; 0.169009
0.405192 ; 0.168957
0.405326 ; 0.168907
0.405463 ; 0.168857
0.405603 ; 0.168808
0.405745 ; 0.16876
0.40589 ; 0.168712
0.406037 ; 0.168666
0.406187 ; 0.16862
0.406339 ; 0.168575
0.406494 ; 0.168531
0.406651 ; 0.168487
0.40681 ; 0.168444
0.406971 ; 0.168403
0.407135 ; 0.168361
0.407301 ; 0.168321
0.407469 ; 0.168282
0.407639 ; 0.168243
0.407811 ; 0.168205
0.407985 ; 0.168168
0.408161 ; 0.168132
0.408339 ; 0.168096
0.408519 ; 0.168062
0.408701 ; 0.168028
0.408885 ; 0.167995
0.40907 ; 0.167962
0.409257 ; 0.167931
0.409446 ; 0.1679
0.409637 ; 0.16787
0.409829 ; 0.167841
0.410022 ; 0.167812
0.410218 ; 0.167785
0.410414 ; 0.167758
0.410612 ; 0.167732
0.410812 ; 0.167707
0.411013 ; 0.167682
0.411215 ; 0.167658
0.411419 ; 0.167635
0.411623 ; 0.167613
0.411829 ; 0.167592
0.412036 ; 0.167571
0.412245 ; 0.167551
0.412454 ; 0.167532
0.412664 ; 0.167514
0.412876 ; 0.167496
0.413088 ; 0.167479
0.413301 ; 0.167463
0.413515 ; 0.167447
0.41373 ; 0.167433
0.413946 ; 0.167419
0.414162 ; 0.167406
0.414379 ; 0.167393
0.414597 ; 0.167381
0.414815 ; 0.16737
0.415034 ; 0.16736
0.415254 ; 0.16735
0.415474 ; 0.167341
0.415694 ; 0.167333
0.415915 ; 0.167325
0.416136 ; 0.167318
0.416358 ; 0.167312
0.41658 ; 0.167307
0.416802 ; 0.167302
0.417025 ; 0.167298
0.417247 ; 0.167294
0.41747 ; 0.167291
0.417693 ; 0.167289
0.417916 ; 0.167288
0.418139 ; 0.167287
0.418362 ; 0.167287
0.418585 ; 0.167287
0.418808 ; 0.167288
0.419031 ; 0.16729
0.419253 ; 0.167292
0.419476 ; 0.167295
0.419698 ; 0.167298
0.41992 ; 0.167303
0.420142 ; 0.167307
0.420363 ; 0.167313
0.420584 ; 0.167319
0.420805 ; 0.167325
0.421025 ; 0.167332
0.421245 ; 0.16734
0.421464 ; 0.167348
0.421683 ; 0.167357
0.421901 ; 0.167366
0.422119 ; 0.167376
0.422336 ; 0.167387
0.422552 ; 0.167398
0.422768 ; 0.167409
0.422983 ; 0.167421
0.423197 ; 0.167434
0.42341 ; 0.167447
0.423623 ; 0.16746
0.423834 ; 0.167474
0.424045 ; 0.167489
0.424255 ; 0.167504
0.424464 ; 0.16752
0.424672 ; 0.167536
0.424879 ; 0.167552
0.425085 ; 0.167569
0.42529 ; 0.167587
0.425494 ; 0.167604
0.425697 ; 0.167623
0.425899 ; 0.167642
0.4261 ; 0.167661
0.426299 ; 0.16768
0.426497 ; 0.1677
0.426694 ; 0.167721
0.42689 ; 0.167742
0.427085 ; 0.167763
0.427278 ; 0.167785
0.42747 ; 0.167807
0.42766 ; 0.167829
0.427849 ; 0.167852
0.428037 ; 0.167875
0.428224 ; 0.167899
0.428409 ; 0.167922
0.428592 ; 0.167947
0.428774 ; 0.167971
0.428955 ; 0.167996
0.429134 ; 0.168021
0.429312 ; 0.168047
0.429488 ; 0.168073
0.429662 ; 0.168099
0.429835 ; 0.168125
0.430007 ; 0.168152
0.430176 ; 0.168179
0.430345 ; 0.168207
0.430511 ; 0.168234
0.430676 ; 0.168262
0.430839 ; 0.16829
0.431 ; 0.168319
0.43116 ; 0.168347
0.431318 ; 0.168376
0.431475 ; 0.168405
0.431629 ; 0.168435
0.431782 ; 0.168464
0.431933 ; 0.168494
0.432083 ; 0.168524
0.43223 ; 0.168554
0.432376 ; 0.168585
0.43252 ; 0.168616
0.432662 ; 0.168646
0.432803 ; 0.168677
0.432941 ; 0.168708
0.433078 ; 0.16874
0.433213 ; 0.168771
0.433346 ; 0.168803
0.433477 ; 0.168835
0.433606 ; 0.168867
0.433733 ; 0.168899
0.433859 ; 0.168931
0.433982 ; 0.168963
0.434104 ; 0.168996
0.434224 ; 0.169028
0.434342 ; 0.169061
0.434458 ; 0.169094
0.434572 ; 0.169127
0.434684 ; 0.169159
0.434795 ; 0.169192
0.434903 ; 0.169226
0.435009 ; 0.169259
0.435114 ; 0.169292
0.435216 ; 0.169325
0.435317 ; 0.169359
0.435416 ; 0.169392
0.435513 ; 0.169425
0.435608 ; 0.169459
0.435701 ; 0.169492
0.435792 ; 0.169526
0.435881 ; 0.16956
0.435968 ; 0.169593
0.436053 ; 0.169627
0.436137 ; 0.16966
0.436218 ; 0.169694
0.436298 ; 0.169727
0.436375 ; 0.169761
0.436451 ; 0.169794
0.436525 ; 0.169828
0.436597 ; 0.169861
0.436667 ; 0.169895
0.436735 ; 0.169928
0.436801 ; 0.169962
0.436866 ; 0.169995
0.436928 ; 0.170028
0.436989 ; 0.170062
0.437047 ; 0.170095
0.437104 ; 0.170128
0.437159 ; 0.170161
0.437213 ; 0.170194
0.437264 ; 0.170227
0.437314 ; 0.170259
0.437361 ; 0.170292
0.437407 ; 0.170325
0.437451 ; 0.170357
0.437494 ; 0.17039
0.437534 ; 0.170422
0.437573 ; 0.170454
0.43761 ; 0.170486
0.437645 ; 0.170518
0.437678 ; 0.17055
0.43771 ; 0.170582
0.43774 ; 0.170613
0.437768 ; 0.170645
0.437795 ; 0.170676
0.43782 ; 0.170707
0.437843 ; 0.170738
0.437864 ; 0.170769
0.437884 ; 0.1708
0.437902 ; 0.17083
0.437919 ; 0.170861
0.437934 ; 0.170891
0.437947 ; 0.170921
0.437959 ; 0.170951
0.437969 ; 0.170981
0.437977 ; 0.17101
0.437984 ; 0.171039
0.437989 ; 0.171069
0.437993 ; 0.171098
0.437995 ; 0.171126
0.437996 ; 0.171155
0.437995 ; 0.171183
0.437993 ; 0.171212
0.437989 ; 0.17124
0.437984 ; 0.171267
0.437977 ; 0.171295
0.437969 ; 0.171322
0.43796 ; 0.17135
0.437949 ; 0.171377
0.437936 ; 0.171403
0.437922 ; 0.17143
0.437907 ; 0.171456
0.437891 ; 0.171482
0.437873 ; 0.171508
0.437854 ; 0.171534
0.437833 ; 0.171559
0.437812 ; 0.171584
0.437789 ; 0.171609
0.437764 ; 0.171634
0.437739 ; 0.171658
0.437712 ; 0.171682
0.437684 ; 0.171706
0.437655 ; 0.17173
0.437624 ; 0.171754
0.437593 ; 0.171777
0.43756 ; 0.1718
0.437526 ; 0.171823
0.437491 ; 0.171845
0.437455 ; 0.171867
0.437418 ; 0.171889
0.43738 ; 0.171911
0.43734 ; 0.171932
0.4373 ; 0.171954
0.437259 ; 0.171975
0.437216 ; 0.171995
0.437173 ; 0.172016
0.437128 ; 0.172036
0.437083 ; 0.172056
0.437036 ; 0.172075
0.436989 ; 0.172095
0.436941 ; 0.172114
0.436892 ; 0.172132
0.436842 ; 0.172151
0.436791 ; 0.172169
0.436739 ; 0.172187
0.436686 ; 0.172205
0.436633 ; 0.172223
0.436579 ; 0.17224
0.436524 ; 0.172257
0.436468 ; 0.172273
0.436411 ; 0.17229
0.436354 ; 0.172306
0.436296 ; 0.172322
0.436237 ; 0.172337
0.436178 ; 0.172352
0.436117 ; 0.172367
0.436057 ; 0.172382
0.435995 ; 0.172397
0.435933 ; 0.172411
0.43587 ; 0.172425
0.435807 ; 0.172438
0.435743 ; 0.172452
0.435678 ; 0.172465
0.435613 ; 0.172478
0.435547 ; 0.17249
0.435481 ; 0.172502
0.435414 ; 0.172514
0.435347 ; 0.172526
0.435279 ; 0.172537
0.435211 ; 0.172549
0.435143 ; 0.17256
0.435074 ; 0.17257
0.435004 ; 0.172581
0.434934 ; 0.172591
0.434864 ; 0.1726
0.434793 ; 0.17261
0.434722 ; 0.172619
0.434651 ; 0.172628
0.434579 ; 0.172637
0.434507 ; 0.172646
0.434434 ; 0.172654
0.434361 ; 0.172662
0.434288 ; 0.172669
0.434215 ; 0.172677
0.434142 ; 0.172684
0.434068 ; 0.172691
0.433994 ; 0.172698
0.433919 ; 0.172704
0.433845 ; 0.17271
0.43377 ; 0.172716
0.433696 ; 0.172722
0.433621 ; 0.172727
0.433545 ; 0.172732
0.43347 ; 0.172737
0.433395 ; 0.172742
0.433319 ; 0.172746
0.433244 ; 0.17275
0.433168 ; 0.172754
0.433092 ; 0.172758
0.433016 ; 0.172761
0.432941 ; 0.172764
0.432865 ; 0.172767
0.432789 ; 0.17277
0.432713 ; 0.172773
0.432637 ; 0.172775
0.432561 ; 0.172777
0.432485 ; 0.172779
0.432409 ; 0.17278
0.432333 ; 0.172781
0.432257 ; 0.172782
0.432182 ; 0.172783
0.432106 ; 0.172784
0.43203 ; 0.172784
0.431955 ; 0.172785
0.43188 ; 0.172785
0.431804 ; 0.172784
0.431729 ; 0.172784
0.431654 ; 0.172783
0.43158 ; 0.172782
0.431505 ; 0.172781
0.43143 ; 0.17278
0.431356 ; 0.172779
0.431282 ; 0.172777
0.431208 ; 0.172775
0.431134 ; 0.172773
0.431061 ; 0.172771
0.430988 ; 0.172768
0.430915 ; 0.172765
0.430842 ; 0.172763
0.43077 ; 0.17276
0.430697 ; 0.172756
0.430626 ; 0.172753
0.430554 ; 0.172749
0.430483 ; 0.172746
0.430412 ; 0.172742
0.430341 ; 0.172737
0.43027 ; 0.172733
0.4302 ; 0.172729
0.430131 ; 0.172724
0.430061 ; 0.172719
0.429992 ; 0.172714
0.429923 ; 0.172709
0.429855 ; 0.172704
0.429787 ; 0.172698
0.42972 ; 0.172693
0.429652 ; 0.172687
0.429586 ; 0.172681
0.429519 ; 0.172675
0.429453 ; 0.172669
0.429388 ; 0.172662
0.429323 ; 0.172656
0.429258 ; 0.172649
0.429194 ; 0.172642
0.42913 ; 0.172636
0.429066 ; 0.172628
0.429003 ; 0.172621
0.428941 ; 0.172614
0.428879 ; 0.172607
0.428817 ; 0.172599
0.428756 ; 0.172591
0.428696 ; 0.172583
0.428636 ; 0.172576
0.428576 ; 0.172567
0.428517 ; 0.172559
0.428458 ; 0.172551
0.4284 ; 0.172543
0.428343 ; 0.172534
0.428286 ; 0.172526
0.428229 ; 0.172517
0.428173 ; 0.172508
0.428117 ; 0.172499
0.428062 ; 0.17249
0.428008 ; 0.172481
0.427954 ; 0.172472
0.427901 ; 0.172463
0.427848 ; 0.172453
0.427796 ; 0.172444
0.427744 ; 0.172434
0.427693 ; 0.172425
0.427642 ; 0.172415
0.427592 ; 0.172405
0.427543 ; 0.172395
0.427494 ; 0.172386
0.427446 ; 0.172376
0.427398 ; 0.172366
0.427351 ; 0.172355
0.427304 ; 0.172345
0.427258 ; 0.172335
0.427213 ; 0.172325
0.427168 ; 0.172314
0.427124 ; 0.172304
0.42708 ; 0.172294
0.427037 ; 0.172283
0.426995 ; 0.172273
0.426953 ; 0.172262
0.426912 ; 0.172251
0.426871 ; 0.172241
0.426831 ; 0.17223
0.426792 ; 0.172219
0.426753 ; 0.172208
0.426715 ; 0.172198
0.426677 ; 0.172187
0.42664 ; 0.172176
0.426604 ; 0.172165
0.426568 ; 0.172154
0.426533 ; 0.172143
0.426498 ; 0.172132
0.426464 ; 0.172121
0.426431 ; 0.17211
0.426398 ; 0.172099
0.426366 ; 0.172088
0.426334 ; 0.172077
0.426303 ; 0.172066
0.426273 ; 0.172054
0.426243 ; 0.172043
0.426214 ; 0.172032
0.426186 ; 0.172021
0.426158 ; 0.17201
0.426131 ; 0.171999
0.426104 ; 0.171988
0.426078 ; 0.171977
0.426052 ; 0.171966
0.426027 ; 0.171954
0.426003 ; 0.171943
0.42598 ; 0.171932
0.425956 ; 0.171921
0.425934 ; 0.17191
0.425912 ; 0.171899
0.425891 ; 0.171888
0.42587 ; 0.171877
0.42585 ; 0.171866
0.425831 ; 0.171855
0.425812 ; 0.171844
0.425793 ; 0.171833
0.425776 ; 0.171822
0.425759 ; 0.171811
0.425742 ; 0.171801
0.425726 ; 0.17179
0.425711 ; 0.171779
0.425696 ; 0.171768
0.425681 ; 0.171758
0.425668 ; 0.171747
0.425655 ; 0.171736
0.425642 ; 0.171726
0.42563 ; 0.171715
0.425619 ; 0.171705
0.425608 ; 0.171694
0.425597 ; 0.171684
0.425588 ; 0.171673
0.425578 ; 0.171663
0.42557 ; 0.171653
0.425561 ; 0.171642
0.425554 ; 0.171632
0.425547 ; 0.171622
0.42554 ; 0.171612
0.425534 ; 0.171602
0.425529 ; 0.171592
0.425524 ; 0.171582
0.425519 ; 0.171572
0.425515 ; 0.171562
0.425512 ; 0.171553
0.425509 ; 0.171543
0.425507 ; 0.171533
0.425505 ; 0.171524
0.425503 ; 0.171514
0.425502 ; 0.171505
0.425502 ; 0.171496
0.425502 ; 0.171486
0.425502 ; 0.171477
0.425504 ; 0.171468
0.425505 ; 0.171459
0.425507 ; 0.17145
0.425509 ; 0.171441
0.425512 ; 0.171432
0.425516 ; 0.171423
0.425519 ; 0.171414
0.425524 ; 0.171406
0.425528 ; 0.171397
0.425533 ; 0.171389
0.425539 ; 0.17138
0.425545 ; 0.171372
0.425551 ; 0.171364
0.425558 ; 0.171355
0.425565 ; 0.171347
0.425573 ; 0.171339
0.425581 ; 0.171331
0.42559 ; 0.171323
0.425599 ; 0.171316
0.425608 ; 0.171308
0.425617 ; 0.1713
0.425628 ; 0.171293
0.425638 ; 0.171285
0.425649 ; 0.171278
0.42566 ; 0.17127
0.425671 ; 0.171263
0.425683 ; 0.171256
0.425696 ; 0.171249
0.425708 ; 0.171242
0.425721 ; 0.171235
0.425735 ; 0.171228
0.425748 ; 0.171222
0.425762 ; 0.171215
0.425777 ; 0.171209
0.425791 ; 0.171202
0.425806 ; 0.171196
0.425821 ; 0.17119
0.425837 ; 0.171183
0.425853 ; 0.171177
0.425869 ; 0.171171
0.425885 ; 0.171165
0.425902 ; 0.17116
0.425919 ; 0.171154
0.425937 ; 0.171148
0.425954 ; 0.171143
0.425972 ; 0.171137
0.42599 ; 0.171132
0.426009 ; 0.171127
0.426027 ; 0.171121
0.426046 ; 0.171116
0.426065 ; 0.171111
0.426085 ; 0.171106
0.426104 ; 0.171102
0.426124 ; 0.171097
0.426144 ; 0.171092
0.426164 ; 0.171088
0.426185 ; 0.171083
0.426206 ; 0.171079
0.426227 ; 0.171075
0.426248 ; 0.17107
0.426269 ; 0.171066
0.42629 ; 0.171062
0.426312 ; 0.171058
0.426334 ; 0.171055
0.426356 ; 0.171051
0.426378 ; 0.171047
0.426401 ; 0.171044
0.426423 ; 0.17104
0.426446 ; 0.171037
0.426469 ; 0.171034
0.426492 ; 0.17103
0.426515 ; 0.171027
0.426538 ; 0.171024
0.426561 ; 0.171021
0.426585 ; 0.171018
0.426609 ; 0.171016
0.426632 ; 0.171013
0.426656 ; 0.17101
0.42668 ; 0.171008
0.426704 ; 0.171006
0.426728 ; 0.171003
0.426753 ; 0.171001
0.426777 ; 0.170999
0.426801 ; 0.170997
0.426826 ; 0.170995
0.426851 ; 0.170993
0.426875 ; 0.170991
0.4269 ; 0.170989
0.426925 ; 0.170988
0.42695 ; 0.170986
0.426975 ; 0.170985
0.427 ; 0.170983
0.427025 ; 0.170982
0.42705 ; 0.170981
0.427075 ; 0.17098
0.4271 ; 0.170979
0.427125 ; 0.170978
0.42715 ; 0.170977
0.427175 ; 0.170976
0.427201 ; 0.170975
0.427226 ; 0.170974
0.427251 ; 0.170974
0.427276 ; 0.170973
0.427301 ; 0.170973
0.427327 ; 0.170972
0.427352 ; 0.170972
0.427377 ; 0.170972
0.427402 ; 0.170972
0.427427 ; 0.170972
0.427452 ; 0.170972
0.427478 ; 0.170972
0.427503 ; 0.170972
0.427528 ; 0.170972
0.427553 ; 0.170972
0.427578 ; 0.170973
0.427603 ; 0.170973
0.427627 ; 0.170974
0.427652 ; 0.170974
0.427677 ; 0.170975
0.427702 ; 0.170976
0.427726 ; 0.170976
0.427751 ; 0.170977
0.427775 ; 0.170978
0.4278 ; 0.170979
0.427824 ; 0.17098
0.427848 ; 0.170981
0.427872 ; 0.170982
0.427896 ; 0.170983
0.42792 ; 0.170985
0.427944 ; 0.170986
0.427968 ; 0.170987
0.427992 ; 0.170989
0.428015 ; 0.17099
0.428039 ; 0.170992
0.428062 ; 0.170993
0.428086 ; 0.170995
0.428109 ; 0.170997
0.428132 ; 0.170998
0.428155 ; 0.171
0.428177 ; 0.171002
0.4282 ; 0.171004
0.428223 ; 0.171006
0.428245 ; 0.171008
0.428267 ; 0.17101
0.428289 ; 0.171012
0.428311 ; 0.171014
0.428333 ; 0.171017
0.428355 ; 0.171019
0.428377 ; 0.171021
0.428398 ; 0.171023
0.428419 ; 0.171026
0.428441 ; 0.171028
0.428462 ; 0.171031
0.428482 ; 0.171033
0.428503 ; 0.171036
0.428524 ; 0.171038
0.428544 ; 0.171041
0.428564 ; 0.171044
0.428584 ; 0.171047
0.428604 ; 0.171049
0.428624 ; 0.171052
0.428643 ; 0.171055
0.428663 ; 0.171058
0.428682 ; 0.171061
0.428701 ; 0.171064
0.42872 ; 0.171067
0.428738 ; 0.17107
0.428757 ; 0.171073
0.428775 ; 0.171076
0.428793 ; 0.171079
0.428811 ; 0.171082
0.428829 ; 0.171085
0.428846 ; 0.171088
0.428864 ; 0.171091
0.428881 ; 0.171095
0.428898 ; 0.171098
0.428915 ; 0.171101
0.428931 ; 0.171105
0.428948 ; 0.171108
0.428964 ; 0.171111
0.42898 ; 0.171115
0.428996 ; 0.171118
0.429011 ; 0.171121
0.429027 ; 0.171125
0.429042 ; 0.171128
0.429057 ; 0.171132
0.429072 ; 0.171135
0.429086 ; 0.171139
0.429101 ; 0.171142
0.429115 ; 0.171146
0.429129 ; 0.17115
0.429143 ; 0.171153
0.429156 ; 0.171157
0.42917 ; 0.17116
0.429183 ; 0.171164
0.429196 ; 0.171168
0.429209 ; 0.171171
0.429221 ; 0.171175
0.429234 ; 0.171179
0.429246 ; 0.171182
0.429258 ; 0.171186
0.42927 ; 0.17119
0.429281 ; 0.171193
0.429293 ; 0.171197
0.429304 ; 0.171201
0.429315 ; 0.171204
0.429325 ; 0.171208
0.429336 ; 0.171212
0.429346 ; 0.171216
0.429356 ; 0.171219
0.429366 ; 0.171223
0.429376 ; 0.171227
0.429385 ; 0.17123
0.429394 ; 0.171234
0.429404 ; 0.171238
0.429412 ; 0.171242
0.429421 ; 0.171245
0.429429 ; 0.171249
0.429438 ; 0.171253
0.429446 ; 0.171257
0.429454 ; 0.17126
0.429461 ; 0.171264
0.429469 ; 0.171268
0.429476 ; 0.171271
0.429483 ; 0.171275
0.42949 ; 0.171279
0.429496 ; 0.171282
0.429503 ; 0.171286
0.429509 ; 0.17129
0.429515 ; 0.171293
0.429521 ; 0.171297
0.429526 ; 0.171301
0.429532 ; 0.171304
0.429537 ; 0.171308
0.429542 ; 0.171312
0.429547 ; 0.171315
0.429551 ; 0.171319
0.429556 ; 0.171322
0.42956 ; 0.171326
0.429564 ; 0.17133
0.429568 ; 0.171333
0.429572 ; 0.171337
0.429575 ; 0.17134
0.429579 ; 0.171344
0.429582 ; 0.171347
0.429585 ; 0.171351
0.429587 ; 0.171354
0.42959 ; 0.171357
0.429592 ; 0.171361
0.429595 ; 0.171364
0.429597 ; 0.171368
0.429598 ; 0.171371
0.4296 ; 0.171374
0.429602 ; 0.171378
0.429603 ; 0.171381
0.429604 ; 0.171384
0.429605 ; 0.171387
0.429606 ; 0.171391
0.429606 ; 0.171394
0.429607 ; 0.171397
0.429607 ; 0.1714
0.429607 ; 0.171403
0.429607 ; 0.171407
0.429607 ; 0.17141
0.429607 ; 0.171413
0.429606 ; 0.171416
0.429605 ; 0.171419
0.429605 ; 0.171422
0.429604 ; 0.171425
0.429602 ; 0.171428
0.429601 ; 0.171431
0.4296 ; 0.171434
0.429598 ; 0.171437
0.429596 ; 0.171439
0.429594 ; 0.171442
0.429592 ; 0.171445
0.42959 ; 0.171448
0.429588 ; 0.171451
0.429585 ; 0.171453
0.429583 ; 0.171456
0.42958 ; 0.171459
0.429577 ; 0.171462
0.429574 ; 0.171464
0.429571 ; 0.171467
0.429568 ; 0.171469
0.429564 ; 0.171472
0.429561 ; 0.171474
0.429557 ; 0.171477
0.429553 ; 0.171479
0.429549 ; 0.171482
0.429545 ; 0.171484
0.429541 ; 0.171487
0.429537 ; 0.171489
0.429532 ; 0.171491
0.429528 ; 0.171494
0.429523 ; 0.171496
0.429519 ; 0.171498
0.429514 ; 0.1715
0.429509 ; 0.171502
0.429504 ; 0.171505
0.429499 ; 0.171507
0.429493 ; 0.171509
0.429488 ; 0.171511
0.429482 ; 0.171513
0.429477 ; 0.171515
0.429471 ; 0.171517
0.429465 ; 0.171519
0.42946 ; 0.171521
0.429454 ; 0.171523
0.429448 ; 0.171524
0.429442 ; 0.171526
0.429435 ; 0.171528
0.429429 ; 0.17153
0.429423 ; 0.171532
0.429416 ; 0.171533
0.42941 ; 0.171535
0.429403 ; 0.171537
0.429396 ; 0.171538
0.42939 ; 0.17154
0.429383 ; 0.171541
0.429376 ; 0.171543
0.429369 ; 0.171544
0.429362 ; 0.171546
0.429355 ; 0.171547
0.429348 ; 0.171549
0.42934 ; 0.17155
0.429333 ; 0.171551
0.429326 ; 0.171552
0.429318 ; 0.171554
0.429311 ; 0.171555
0.429303 ; 0.171556
0.429296 ; 0.171557
0.429288 ; 0.171559
0.42928 ; 0.17156
0.429273 ; 0.171561
0.429265 ; 0.171562
0.429257 ; 0.171563
0.429249 ; 0.171564
0.429241 ; 0.171565
0.429233 ; 0.171566
0.429225 ; 0.171567
0.429217 ; 0.171568
0.429209 ; 0.171568
0.429201 ; 0.171569
0.429193 ; 0.17157
0.429185 ; 0.171571
0.429177 ; 0.171571
0.429168 ; 0.171572
0.42916 ; 0.171573
0.429152 ; 0.171574
0.429144 ; 0.171574
0.429135 ; 0.171575
0.429127 ; 0.171575
0.429119 ; 0.171576
0.42911 ; 0.171576
0.429102 ; 0.171577
0.429093 ; 0.171577
0.429085 ; 0.171578
0.429077 ; 0.171578
0.429068 ; 0.171579
0.42906 ; 0.171579
0.429051 ; 0.171579
0.429043 ; 0.171579
0.429034 ; 0.17158
0.429026 ; 0.17158
0.429018 ; 0.17158
0.429009 ; 0.17158
0.429001 ; 0.171581
0.428992 ; 0.171581
0.428984 ; 0.171581
0.428975 ; 0.171581
0.428967 ; 0.171581
0.428958 ; 0.171581
0.42895 ; 0.171581
0.428942 ; 0.171581
0.428933 ; 0.171581
0.428925 ; 0.171581
0.428916 ; 0.171581
0.428908 ; 0.171581
0.4289 ; 0.171581
0.428891 ; 0.17158
0.428883 ; 0.17158
0.428875 ; 0.17158
0.428867 ; 0.17158
0.428858 ; 0.17158
0.42885 ; 0.171579
0.428842 ; 0.171579
0.428834 ; 0.171579
0.428826 ; 0.171579
0.428817 ; 0.171578
0.428809 ; 0.171578
0.428801 ; 0.171577
0.428793 ; 0.171577
0.428785 ; 0.171577
0.428777 ; 0.171576
0.428769 ; 0.171576
0.428761 ; 0.171575
0.428754 ; 0.171575
0.428746 ; 0.171574
0.428738 ; 0.171574
0.42873 ; 0.171573
0.428722 ; 0.171572
0.428715 ; 0.171572
0.428707 ; 0.171571
0.4287 ; 0.171571
0.428692 ; 0.17157
0.428685 ; 0.171569
0.428677 ; 0.171569
0.42867 ; 0.171568
0.428662 ; 0.171567
0.428655 ; 0.171566
0.428648 ; 0.171566
0.42864 ; 0.171565
0.428633 ; 0.171564
0.428626 ; 0.171563
0.428619 ; 0.171563
0.428612 ; 0.171562
0.428605 ; 0.171561
0.428598 ; 0.17156
0.428591 ; 0.171559
0.428584 ; 0.171558
0.428578 ; 0.171557
0.428571 ; 0.171557
0.428564 ; 0.171556
0.428558 ; 0.171555
0.428551 ; 0.171554
0.428545 ; 0.171553
0.428538 ; 0.171552
0.428532 ; 0.171551
0.428526 ; 0.17155
0.428519 ; 0.171549
0.428513 ; 0.171548
0.428507 ; 0.171547
0.428501 ; 0.171546
0.428495 ; 0.171545
0.428489 ; 0.171544
0.428483 ; 0.171543
0.428477 ; 0.171542
0.428472 ; 0.171541
0.428466 ; 0.171539
0.42846 ; 0.171538
0.428455 ; 0.171537
0.428449 ; 0.171536
0.428444 ; 0.171535
0.428438 ; 0.171534
0.428433 ; 0.171533
0.428428 ; 0.171532
0.428423 ; 0.17153
0.428418 ; 0.171529
0.428412 ; 0.171528
0.428408 ; 0.171527
0.428403 ; 0.171526
0.428398 ; 0.171525
0.428393 ; 0.171523
0.428388 ; 0.171522
0.428384 ; 0.171521
0.428379 ; 0.17152
0.428375 ; 0.171519
0.42837 ; 0.171517
0.428366 ; 0.171516
0.428361 ; 0.171515
0.428357 ; 0.171514
0.428353 ; 0.171513
0.428349 ; 0.171511
0.428345 ; 0.17151
0.428341 ; 0.171509
0.428337 ; 0.171508
0.428333 ; 0.171506
0.42833 ; 0.171505
0.428326 ; 0.171504
0.428322 ; 0.171503
0.428319 ; 0.171501
0.428315 ; 0.1715
0.428312 ; 0.171499
0.428308 ; 0.171498
0.428305 ; 0.171497
0.428302 ; 0.171495
0.428299 ; 0.171494
0.428296 ; 0.171493
0.428293 ; 0.171492
0.42829 ; 0.17149
0.428287 ; 0.171489
0.428284 ; 0.171488
0.428282 ; 0.171487
0.428279 ; 0.171485
0.428276 ; 0.171484
0.428274 ; 0.171483
0.428271 ; 0.171482
0.428269 ; 0.17148
0.428267 ; 0.171479
0.428264 ; 0.171478
0.428262 ; 0.171477
0.42826 ; 0.171475
0.428258 ; 0.171474
0.428256 ; 0.171473
0.428254 ; 0.171472
0.428252 ; 0.171471
0.428251 ; 0.171469
0.428249 ; 0.171468
0.428247 ; 0.171467
0.428246 ; 0.171466
0.428244 ; 0.171465
0.428243 ; 0.171463
0.428241 ; 0.171462
0.42824 ; 0.171461
0.428239 ; 0.17146
0.428237 ; 0.171459
0.428236 ; 0.171457
0.428235 ; 0.171456
0.428234 ; 0.171455
0.428233 ; 0.171454
0.428232 ; 0.171453
0.428231 ; 0.171452
0.428231 ; 0.171451
0.42823 ; 0.171449
0.428229 ; 0.171448
0.428229 ; 0.171447
0.428228 ; 0.171446
0.428228 ; 0.171445
0.428227 ; 0.171444
0.428227 ; 0.171443
0.428227 ; 0.171442
0.428226 ; 0.171441
0.428226 ; 0.171439
0.428226 ; 0.171438
0.428226 ; 0.171437
0.428226 ; 0.171436
0.428226 ; 0.171435
0.428226 ; 0.171434
0.428226 ; 0.171433
0.428226 ; 0.171432
0.428227 ; 0.171431
0.428227 ; 0.17143
0.428227 ; 0.171429
0.428228 ; 0.171428
0.428228 ; 0.171427
0.428229 ; 0.171426
0.428229 ; 0.171425
0.42823 ; 0.171424
0.42823 ; 0.171423
0.428231 ; 0.171422
0.428232 ; 0.171422
0.428233 ; 0.171421
0.428233 ; 0.17142
0.428234 ; 0.171419
0.428235 ; 0.171418
0.428236 ; 0.171417
0.428237 ; 0.171416
0.428238 ; 0.171415
0.428239 ; 0.171414
0.428241 ; 0.171414
0.428242 ; 0.171413
0.428243 ; 0.171412
0.428244 ; 0.171411
0.428246 ; 0.17141
0.428247 ; 0.171409
0.428248 ; 0.171409
0.42825 ; 0.171408
0.428251 ; 0.171407
0.428253 ; 0.171406
0.428254 ; 0.171406
0.428256 ; 0.171405
0.428258 ; 0.171404
0.428259 ; 0.171403
0.428261 ; 0.171403
0.428263 ; 0.171402
0.428264 ; 0.171401
0.428266 ; 0.171401
0.428268 ; 0.1714
0.42827 ; 0.171399
0.428272 ; 0.171399
0.428274 ; 0.171398
0.428276 ; 0.171397
0.428278 ; 0.171397
0.42828 ; 0.171396
0.428282 ; 0.171396
0.428284 ; 0.171395
0.428286 ; 0.171394
0.428288 ; 0.171394
0.42829 ; 0.171393
0.428292 ; 0.171393
0.428295 ; 0.171392
0.428297 ; 0.171392
0.428299 ; 0.171391
0.428301 ; 0.171391
0.428304 ; 0.17139
0.428306 ; 0.17139
0.428308 ; 0.171389
0.428311 ; 0.171389
0.428313 ; 0.171388
0.428316 ; 0.171388
0.428318 ; 0.171387
0.428321 ; 0.171387
0.428323 ; 0.171386
0.428326 ; 0.171386
0.428328 ; 0.171386
0.428331 ; 0.171385
0.428333 ; 0.171385
0.428336 ; 0.171384
0.428338 ; 0.171384
0.428341 ; 0.171384
0.428344 ; 0.171383
0.428346 ; 0.171383
0.428349 ; 0.171383
0.428352 ; 0.171382
0.428354 ; 0.171382
0.428357 ; 0.171382
0.42836 ; 0.171382
0.428362 ; 0.171381
0.428365 ; 0.171381
0.428368 ; 0.171381
0.42837 ; 0.171381
0.428373 ; 0.17138
0.428376 ; 0.17138
0.428379 ; 0.17138
0.428381 ; 0.17138
0.428384 ; 0.17138
0.428387 ; 0.171379
0.42839 ; 0.171379
0.428393 ; 0.171379
0.428395 ; 0.171379
0.428398 ; 0.171379
0.428401 ; 0.171379
0.428404 ; 0.171378
0.428407 ; 0.171378
0.42841 ; 0.171378
0.428412 ; 0.171378
0.428415 ; 0.171378
0.428418 ; 0.171378
0.428421 ; 0.171378
0.428424 ; 0.171378
0.428426 ; 0.171378
0.428429 ; 0.171378
0.428432 ; 0.171378
0.428435 ; 0.171378
0.428438 ; 0.171378
0.428441 ; 0.171378
0.428443 ; 0.171378
0.428446 ; 0.171378
0.428449 ; 0.171378
0.428452 ; 0.171378
0.428455 ; 0.171378
0.428457 ; 0.171378
0.42846 ; 0.171378
0.428463 ; 0.171378
0.428466 ; 0.171378
0.428469 ; 0.171378
0.428471 ; 0.171378
0.428474 ; 0.171378
0.428477 ; 0.171378
0.42848 ; 0.171378
0.428482 ; 0.171378
0.428485 ; 0.171378
0.428488 ; 0.171378
0.428491 ; 0.171379
0.428493 ; 0.171379
0.428496 ; 0.171379
0.428499 ; 0.171379
0.428501 ; 0.171379
0.428504 ; 0.171379
0.428507 ; 0.171379
0.428509 ; 0.17138
0.428512 ; 0.17138
0.428514 ; 0.17138
0.428517 ; 0.17138
0.42852 ; 0.17138
0.428522 ; 0.17138
0.428525 ; 0.171381
0.428527 ; 0.171381
0.42853 ; 0.171381
0.428532 ; 0.171381
0.428535 ; 0.171382
0.428537 ; 0.171382
0.42854 ; 0.171382
0.428542 ; 0.171382
0.428545 ; 0.171383
0.428547 ; 0.171383
0.42855 ; 0.171383
0.428552 ; 0.171383
0.428554 ; 0.171384
0.428557 ; 0.171384
0.428559 ; 0.171384
0.428561 ; 0.171384
0.428564 ; 0.171385
0.428566 ; 0.171385
0.428568 ; 0.171385
0.428571 ; 0.171386
0.428573 ; 0.171386
0.428575 ; 0.171386
0.428577 ; 0.171387
0.428579 ; 0.171387
0.428582 ; 0.171387
0.428584 ; 0.171387
0.428586 ; 0.171388
0.428588 ; 0.171388
0.42859 ; 0.171388
0.428592 ; 0.171389
0.428594 ; 0.171389
0.428596 ; 0.171389
0.428598 ; 0.17139
0.4286 ; 0.17139
0.428602 ; 0.171391
0.428604 ; 0.171391
0.428606 ; 0.171391
0.428608 ; 0.171392
0.42861 ; 0.171392
0.428612 ; 0.171392
0.428613 ; 0.171393
0.428615 ; 0.171393
0.428617 ; 0.171393
0.428619 ; 0.171394
0.42862 ; 0.171394
0.428622 ; 0.171395
0.428624 ; 0.171395
0.428626 ; 0.171395
0.428627 ; 0.171396
0.428629 ; 0.171396
0.42863 ; 0.171397
0.428632 ; 0.171397
0.428634 ; 0.171397
0.428635 ; 0.171398
0.428637 ; 0.171398
0.428638 ; 0.171399
0.42864 ; 0.171399
0.428641 ; 0.171399
0.428643 ; 0.1714
0.428644 ; 0.1714
0.428645 ; 0.171401
0.428647 ; 0.171401
0.428648 ; 0.171401
0.428649 ; 0.171402
0.428651 ; 0.171402
0.428652 ; 0.171403
0.428653 ; 0.171403
0.428654 ; 0.171404
0.428656 ; 0.171404
0.428657 ; 0.171404
0.428658 ; 0.171405
0.428659 ; 0.171405
0.42866 ; 0.171406
0.428661 ; 0.171406
0.428662 ; 0.171406
0.428663 ; 0.171407
