0 ; 0.959004 ; 0.696925
0.05 ; 0.92072 ; 0.693644
0.1 ; 0.884866 ; 0.690167
0.15 ; 0.851198 ; 0.686503
0.2 ; 0.819506 ; 0.682663
0.25 ; 0.789608 ; 0.678655
0.3 ; 0.761344 ; 0.674488
0.35 ; 0.734574 ; 0.670171
0.4 ; 0.709174 ; 0.665712
0.45 ; 0.685034 ; 0.66112
0.5 ; 0.662058 ; 0.656401
0.55 ; 0.640156 ; 0.651563
0.6 ; 0.619253 ; 0.646613
0.65 ; 0.599277 ; 0.641559
0.7 ; 0.580165 ; 0.636407
0.75 ; 0.56186 ; 0.631162
0.8 ; 0.544311 ; 0.625832
0.85 ; 0.527469 ; 0.620423
0.9 ; 0.511292 ; 0.614939
0.95 ; 0.49574 ; 0.609387
1 ; 0.480778 ; 0.603773
1.05 ; 0.466372 ; 0.5981
1.1 ; 0.452492 ; 0.592374
1.15 ; 0.439109 ; 0.5866
1.2 ; 0.426198 ; 0.580783
1.25 ; 0.413735 ; 0.574926
1.3 ; 0.401697 ; 0.569035
1.35 ; 0.390063 ; 0.563113
1.4 ; 0.378816 ; 0.557164
1.45 ; 0.367935 ; 0.551192
1.5 ; 0.357405 ; 0.545201
1.55 ; 0.347211 ; 0.539194
1.6 ; 0.337336 ; 0.533174
1.65 ; 0.327769 ; 0.527145
1.7 ; 0.318495 ; 0.52111
1.75 ; 0.309503 ; 0.515072
1.8 ; 0.300781 ; 0.509033
1.85 ; 0.292318 ; 0.502997
1.9 ; 0.284105 ; 0.496966
1.95 ; 0.276131 ; 0.490943
2 ; 0.268389 ; 0.484929
2.05 ; 0.260868 ; 0.478928
2.1 ; 0.253562 ; 0.472941
2.15 ; 0.246463 ; 0.466971
2.2 ; 0.239562 ; 0.46102
2.25 ; 0.232854 ; 0.455089
2.3 ; 0.226332 ; 0.449181
2.35 ; 0.219989 ; 0.443297
2.4 ; 0.21382 ; 0.437439
2.45 ; 0.207818 ; 0.431609
2.5 ; 0.20198 ; 0.425807
2.55 ; 0.196298 ; 0.420036
2.6 ; 0.190769 ; 0.414297
2.65 ; 0.185388 ; 0.408591
2.7 ; 0.18015 ; 0.40292
2.75 ; 0.175051 ; 0.397284
2.8 ; 0.170087 ; 0.391684
2.85 ; 0.165253 ; 0.386123
2.9 ; 0.160547 ; 0.380601
2.95 ; 0.155964 ; 0.375118
3 ; 0.151502 ; 0.369676
3.05 ; 0.147156 ; 0.364275
3.1 ; 0.142923 ; 0.358916
3.15 ; 0.138801 ; 0.353601
3.2 ; 0.134786 ; 0.34833
3.25 ; 0.130875 ; 0.343102
3.3 ; 0.127066 ; 0.33792
3.35 ; 0.123356 ; 0.332783
3.4 ; 0.119743 ; 0.327693
3.45 ; 0.116224 ; 0.322649
3.5 ; 0.112796 ; 0.317652
3.55 ; 0.109457 ; 0.312702
3.6 ; 0.106206 ; 0.3078
3.65 ; 0.103039 ; 0.302947
3.7 ; 0.0999548 ; 0.298141
3.75 ; 0.0969514 ; 0.293385
3.8 ; 0.0940268 ; 0.288678
3.85 ; 0.091179 ; 0.284019
3.9 ; 0.0884062 ; 0.279411
3.95 ; 0.0857065 ; 0.274852
4 ; 0.0830782 ; 0.270342
4.05 ; 0.0805196 ; 0.265883
4.1 ; 0.0780291 ; 0.261473
4.15 ; 0.0756051 ; 0.257114
4.2 ; 0.0732459 ; 0.252804
4.25 ; 0.0709501 ; 0.248545
4.3 ; 0.0687162 ; 0.244335
4.35 ; 0.0665427 ; 0.240176
4.4 ; 0.0644283 ; 0.236067
4.45 ; 0.0623716 ; 0.232008
4.5 ; 0.0603711 ; 0.227999
4.55 ; 0.0584257 ; 0.224039
4.6 ; 0.0565341 ; 0.22013
4.65 ; 0.0546949 ; 0.21627
4.7 ; 0.052907 ; 0.212459
4.75 ; 0.0511692 ; 0.208698
4.8 ; 0.0494804 ; 0.204986
4.85 ; 0.0478393 ; 0.201323
4.9 ; 0.0462449 ; 0.197709
4.95 ; 0.0446961 ; 0.194143
5 ; 0.0431918 ; 0.190626
5.05 ; 0.041731 ; 0.187157
5.1 ; 0.0403126 ; 0.183737
5.15 ; 0.0389357 ; 0.180363
5.2 ; 0.0375992 ; 0.177037
5.25 ; 0.0363022 ; 0.173759
5.3 ; 0.0350438 ; 0.170527
5.35 ; 0.033823 ; 0.167342
5.4 ; 0.0326389 ; 0.164203
5.45 ; 0.0314907 ; 0.16111
5.5 ; 0.0303773 ; 0.158063
5.55 ; 0.0292981 ; 0.155062
5.6 ; 0.0282521 ; 0.152105
5.65 ; 0.0272385 ; 0.149193
5.7 ; 0.0262565 ; 0.146326
5.75 ; 0.0253053 ; 0.143502
5.8 ; 0.0243841 ; 0.140723
5.85 ; 0.0234922 ; 0.137986
5.9 ; 0.0226288 ; 0.135293
5.95 ; 0.0217932 ; 0.132642
6 ; 0.0209846 ; 0.130033
6.05 ; 0.0202023 ; 0.127467
6.1 ; 0.0194456 ; 0.124941
6.15 ; 0.0187139 ; 0.122457
6.2 ; 0.0180065 ; 0.120014
6.25 ; 0.0173226 ; 0.11761
6.3 ; 0.0166617 ; 0.115247
6.35 ; 0.0160232 ; 0.112923
6.4 ; 0.0154063 ; 0.110638
6.45 ; 0.0148106 ; 0.108392
6.5 ; 0.0142353 ; 0.106185
6.55 ; 0.01368 ; 0.104014
6.6 ; 0.013144 ; 0.101882
6.65 ; 0.0126268 ; 0.0997864
6.7 ; 0.0121278 ; 0.0977274
6.75 ; 0.0116465 ; 0.0957046
6.8 ; 0.0111824 ; 0.0937175
6.85 ; 0.0107349 ; 0.0917657
6.9 ; 0.0103035 ; 0.0898488
6.95 ; 0.00988786 ; 0.0879664
7 ; 0.00948734 ; 0.086118
7.05 ; 0.00910152 ; 0.0843033
7.1 ; 0.00872994 ; 0.0825217
7.15 ; 0.00837215 ; 0.0807728
7.2 ; 0.00802771 ; 0.0790563
7.25 ; 0.00769619 ; 0.0773716
7.3 ; 0.00737718 ; 0.0757184
7.35 ; 0.00707026 ; 0.0740962
7.4 ; 0.00677504 ; 0.0725047
7.45 ; 0.00649114 ; 0.0709433
7.5 ; 0.00621817 ; 0.0694116
7.55 ; 0.00595576 ; 0.0679093
7.6 ; 0.00570357 ; 0.0664359
7.65 ; 0.00546123 ; 0.064991
7.7 ; 0.00522842 ; 0.0635741
7.75 ; 0.0050048 ; 0.0621849
7.8 ; 0.00479005 ; 0.0608229
7.85 ; 0.00458385 ; 0.0594877
7.9 ; 0.00438592 ; 0.0581789
7.95 ; 0.00419594 ; 0.0568961
8 ; 0.00401364 ; 0.0556389
8.05 ; 0.00383874 ; 0.0544068
8.1 ; 0.00367096 ; 0.0531995
8.15 ; 0.00351006 ; 0.0520166
8.2 ; 0.00335577 ; 0.0508577
8.25 ; 0.00320784 ; 0.0497224
8.3 ; 0.00306605 ; 0.0486102
8.35 ; 0.00293016 ; 0.0475209
8.4 ; 0.00279994 ; 0.046454
8.45 ; 0.00267519 ; 0.0454091
8.5 ; 0.00255569 ; 0.0443859
8.55 ; 0.00244124 ; 0.043384
8.6 ; 0.00233165 ; 0.0424029
8.65 ; 0.00222672 ; 0.0414425
8.7 ; 0.00212627 ; 0.0405022
8.75 ; 0.00203013 ; 0.0395818
8.8 ; 0.00193813 ; 0.0386808
8.85 ; 0.0018501 ; 0.037799
8.9 ; 0.00176588 ; 0.0369359
8.95 ; 0.00168532 ; 0.0360912
9 ; 0.00160827 ; 0.0352647
9.05 ; 0.00153459 ; 0.0344559
9.1 ; 0.00146415 ; 0.0336645
9.15 ; 0.0013968 ; 0.0328902
9.2 ; 0.00133242 ; 0.0321327
9.25 ; 0.0012709 ; 0.0313917
9.3 ; 0.0012121 ; 0.0306668
9.35 ; 0.00115592 ; 0.0299577
9.4 ; 0.00110225 ; 0.0292642
9.45 ; 0.00105098 ; 0.0285858
9.5 ; 0.00100201 ; 0.0279224
9.55 ; 0.000955239 ; 0.0272736
9.6 ; 0.00091058 ; 0.0266392
9.65 ; 0.00086794 ; 0.0260188
9.7 ; 0.000827231 ; 0.0254123
9.75 ; 0.000788372 ; 0.0248192
9.8 ; 0.000751282 ; 0.0242393
9.85 ; 0.000715884 ; 0.0236724
9.9 ; 0.000682104 ; 0.0231182
9.95 ; 0.000649873 ; 0.0225764
10 ; 0.000619122 ; 0.0220468
10.05 ; 0.000589785 ; 0.0215292
10.1 ; 0.000561802 ; 0.0210232
10.15 ; 0.000535112 ; 0.0205287
10.2 ; 0.000509657 ; 0.0200454
10.25 ; 0.000485383 ; 0.0195731
10.3 ; 0.000462237 ; 0.0191115
10.35 ; 0.000440168 ; 0.0186604
10.4 ; 0.000419129 ; 0.0182196
10.45 ; 0.000399072 ; 0.0177889
10.5 ; 0.000379954 ; 0.017368
10.55 ; 0.000361732 ; 0.0169568
10.6 ; 0.000344366 ; 0.016555
10.65 ; 0.000327816 ; 0.0161625
10.7 ; 0.000312046 ; 0.015779
10.75 ; 0.000297019 ; 0.0154043
10.8 ; 0.000282702 ; 0.0150383
10.85 ; 0.000269063 ; 0.0146808
10.9 ; 0.000256069 ; 0.0143315
10.95 ; 0.000243692 ; 0.0139904
11 ; 0.000231903 ; 0.0136571
11.05 ; 0.000220675 ; 0.0133316
11.1 ; 0.000209981 ; 0.0130137
11.15 ; 0.000199797 ; 0.0127032
11.2 ; 0.0001901 ; 0.0123999
11.25 ; 0.000180865 ; 0.0121037
11.3 ; 0.000172073 ; 0.0118144
11.35 ; 0.000163702 ; 0.0115319
11.4 ; 0.000155733 ; 0.011256
11.45 ; 0.000148146 ; 0.0109866
11.5 ; 0.000140923 ; 0.0107235
11.55 ; 0.000134048 ; 0.0104666
11.6 ; 0.000127505 ; 0.0102157
11.65 ; 0.000121276 ; 0.00997077
11.7 ; 0.000115349 ; 0.00973158
11.75 ; 0.000109707 ; 0.00949802
11.8 ; 0.000104339 ; 0.00926998
11.85 ; 9.92297e-05 ; 0.00904732
11.9 ; 9.43682e-05 ; 0.00882992
11.95 ; 8.97423e-05 ; 0.00861767
12 ; 8.53408e-05 ; 0.00841044
12.05 ; 8.11529e-05 ; 0.00820813
12.1 ; 7.71686e-05 ; 0.00801061
12.15 ; 7.3378e-05 ; 0.00781777
12.2 ; 6.97718e-05 ; 0.00762952
12.25 ; 6.63412e-05 ; 0.00744574
12.3 ; 6.30778e-05 ; 0.00726632
12.35 ; 5.99735e-05 ; 0.00709118
12.4 ; 5.70207e-05 ; 0.00692021
12.45 ; 5.42121e-05 ; 0.00675331
12.5 ; 5.15407e-05 ; 0.00659038
12.55 ; 4.89999e-05 ; 0.00643135
12.6 ; 4.65834e-05 ; 0.0062761
12.65 ; 4.42852e-05 ; 0.00612457
12.7 ; 4.20995e-05 ; 0.00597665
12.75 ; 4.0021e-05 ; 0.00583228
12.8 ; 3.80443e-05 ; 0.00569135
12.85 ; 3.61647e-05 ; 0.0055538
12.9 ; 3.43773e-05 ; 0.00541953
12.95 ; 3.26776e-05 ; 0.00528849
13 ; 3.10615e-05 ; 0.00516058
13.05 ; 2.95248e-05 ; 0.00503574
13.1 ; 2.80637e-05 ; 0.0049139
13.15 ; 2.66745e-05 ; 0.00479498
13.2 ; 2.53537e-05 ; 0.00467891
13.25 ; 2.40979e-05 ; 0.00456563
13.3 ; 2.2904e-05 ; 0.00445507
13.35 ; 2.17689e-05 ; 0.00434717
13.4 ; 2.06898e-05 ; 0.00424187
13.45 ; 1.96639e-05 ; 0.00413909
13.5 ; 1.86887e-05 ; 0.00403879
13.55 ; 1.77615e-05 ; 0.0039409
13.6 ; 1.68802e-05 ; 0.00384537
13.65 ; 1.60424e-05 ; 0.00375214
13.7 ; 1.5246e-05 ; 0.00366116
13.75 ; 1.4489e-05 ; 0.00357237
13.8 ; 1.37694e-05 ; 0.00348572
13.85 ; 1.30854e-05 ; 0.00340116
13.9 ; 1.24353e-05 ; 0.00331864
13.95 ; 1.18173e-05 ; 0.00323811
14 ; 1.123e-05 ; 0.00315952
14.05 ; 1.06717e-05 ; 0.00308283
14.1 ; 1.01411e-05 ; 0.003008
14.15 ; 9.63673e-06 ; 0.00293497
14.2 ; 9.1574e-06 ; 0.0028637
14.25 ; 8.70184e-06 ; 0.00279416
14.3 ; 8.26886e-06 ; 0.0027263
14.35 ; 7.85736e-06 ; 0.00266008
14.4 ; 7.46628e-06 ; 0.00259546
14.45 ; 7.09461e-06 ; 0.0025324
14.5 ; 6.74139e-06 ; 0.00247087
14.55 ; 6.40571e-06 ; 0.00241083
14.6 ; 6.08669e-06 ; 0.00235224
14.65 ; 5.78352e-06 ; 0.00229507
14.7 ; 5.49542e-06 ; 0.00223929
14.75 ; 5.22162e-06 ; 0.00218486
14.8 ; 4.96144e-06 ; 0.00213174
14.85 ; 4.71419e-06 ; 0.00207991
14.9 ; 4.47924e-06 ; 0.00202934
14.95 ; 4.25597e-06 ; 0.00197999
15 ; 4.0438e-06 ; 0.00193184
15.05 ; 3.84219e-06 ; 0.00188486
15.1 ; 3.6506e-06 ; 0.00183901
15.15 ; 3.46856e-06 ; 0.00179428
15.2 ; 3.29557e-06 ; 0.00175063
15.25 ; 3.13119e-06 ; 0.00170804
15.3 ; 2.975e-06 ; 0.00166649
15.35 ; 2.82659e-06 ; 0.00162594
15.4 ; 2.68556e-06 ; 0.00158638
15.45 ; 2.55156e-06 ; 0.00154777
15.5 ; 2.42423e-06 ; 0.00151011
15.55 ; 2.30325e-06 ; 0.00147336
15.6 ; 2.1883e-06 ; 0.0014375
15.65 ; 2.07907e-06 ; 0.00140251
15.7 ; 1.97529e-06 ; 0.00136837
15.75 ; 1.87668e-06 ; 0.00133506
15.8 ; 1.78299e-06 ; 0.00130256
15.85 ; 1.69397e-06 ; 0.00127085
15.9 ; 1.60938e-06 ; 0.00123991
15.95 ; 1.52902e-06 ; 0.00120972
16 ; 1.45266e-06 ; 0.00118027
16.05 ; 1.38011e-06 ; 0.00115153
16.1 ; 1.31118e-06 ; 0.00112349
16.15 ; 1.24569e-06 ; 0.00109613
16.2 ; 1.18346e-06 ; 0.00106944
16.25 ; 1.12434e-06 ; 0.00104339
16.3 ; 1.06818e-06 ; 0.00101798
16.35 ; 1.01481e-06 ; 0.00099319
16.4 ; 9.64106e-07 ; 0.000968999
16.45 ; 9.15934e-07 ; 0.000945397
16.5 ; 8.70166e-07 ; 0.000922369
16.55 ; 8.26683e-07 ; 0.000899901
16.6 ; 7.85371e-07 ; 0.00087798
16.65 ; 7.46122e-07 ; 0.000856592
16.7 ; 7.08832e-07 ; 0.000835724
16.75 ; 6.73405e-07 ; 0.000815364
16.8 ; 6.39746e-07 ; 0.0007955
16.85 ; 6.07769e-07 ; 0.000776119
16.9 ; 5.77389e-07 ; 0.000757209
16.95 ; 5.48526e-07 ; 0.00073876
17 ; 5.21105e-07 ; 0.00072076
17.05 ; 4.95053e-07 ; 0.000703198
17.1 ; 4.70303e-07 ; 0.000686063
17.15 ; 4.4679e-07 ; 0.000669345
17.2 ; 4.24451e-07 ; 0.000653035
17.25 ; 4.03229e-07 ; 0.000637121
17.3 ; 3.83067e-07 ; 0.000621595
17.35 ; 3.63912e-07 ; 0.000606447
17.4 ; 3.45715e-07 ; 0.000591668
17.45 ; 3.28427e-07 ; 0.000577248
17.5 ; 3.12003e-07 ; 0.00056318
17.55 ; 2.964e-07 ; 0.000549454
17.6 ; 2.81577e-07 ; 0.000536063
17.65 ; 2.67495e-07 ; 0.000522997
17.7 ; 2.54116e-07 ; 0.00051025
17.75 ; 2.41407e-07 ; 0.000497814
17.8 ; 2.29332e-07 ; 0.00048568
17.85 ; 2.17862e-07 ; 0.000473842
17.9 ; 2.06965e-07 ; 0.000462292
17.95 ; 1.96612e-07 ; 0.000451023
18 ; 1.86778e-07 ; 0.000440029
18.05 ; 1.77435e-07 ; 0.000429303
18.1 ; 1.68559e-07 ; 0.000418838
18.15 ; 1.60127e-07 ; 0.000408628
18.2 ; 1.52116e-07 ; 0.000398667
18.25 ; 1.44507e-07 ; 0.000388948
18.3 ; 1.37277e-07 ; 0.000379467
18.35 ; 1.3041e-07 ; 0.000370216
18.4 ; 1.23885e-07 ; 0.000361191
18.45 ; 1.17687e-07 ; 0.000352385
18.5 ; 1.11799e-07 ; 0.000343794
18.55 ; 1.06206e-07 ; 0.000335413
18.6 ; 1.00892e-07 ; 0.000327236
18.65 ; 9.58439e-08 ; 0.000319258
18.7 ; 9.10484e-08 ; 0.000311474
18.75 ; 8.64928e-08 ; 0.00030388
18.8 ; 8.2165e-08 ; 0.000296471
18.85 ; 7.80538e-08 ; 0.000289243
18.9 ; 7.41482e-08 ; 0.000282191
18.95 ; 7.04379e-08 ; 0.000275311
19 ; 6.69133e-08 ; 0.000268598
19.05 ; 6.3565e-08 ; 0.000262049
19.1 ; 6.03842e-08 ; 0.00025566
19.15 ; 5.73625e-08 ; 0.000249426
19.2 ; 5.4492e-08 ; 0.000243345
19.25 ; 5.17651e-08 ; 0.000237411
19.3 ; 4.91747e-08 ; 0.000231622
19.35 ; 4.67138e-08 ; 0.000225975
19.4 ; 4.43761e-08 ; 0.000220465
19.45 ; 4.21553e-08 ; 0.000215089
19.5 ; 4.00457e-08 ; 0.000209844
19.55 ; 3.80416e-08 ; 0.000204728
19.6 ; 3.61378e-08 ; 0.000199735
19.65 ; 3.43292e-08 ; 0.000194865
19.7 ; 3.26111e-08 ; 0.000190113
19.75 ; 3.0979e-08 ; 0.000185478
19.8 ; 2.94286e-08 ; 0.000180955
19.85 ; 2.79558e-08 ; 0.000176542
19.9 ; 2.65566e-08 ; 0.000172237
19.95 ; 2.52275e-08 ; 0.000168037
20 ; 2.39649e-08 ; 0.00016394
20.05 ; 2.27654e-08 ; 0.000159942
20.1 ; 2.1626e-08 ; 0.000156042
20.15 ; 2.05436e-08 ; 0.000152236
20.2 ; 1.95154e-08 ; 0.000148524
20.25 ; 1.85386e-08 ; 0.000144902
20.3 ; 1.76108e-08 ; 0.000141369
20.35 ; 1.67293e-08 ; 0.000137921
20.4 ; 1.5892e-08 ; 0.000134558
20.45 ; 1.50965e-08 ; 0.000131276
20.5 ; 1.43409e-08 ; 0.000128075
20.55 ; 1.36231e-08 ; 0.000124952
20.6 ; 1.29412e-08 ; 0.000121905
20.65 ; 1.22935e-08 ; 0.000118932
20.7 ; 1.16781e-08 ; 0.000116031
20.75 ; 1.10936e-08 ; 0.000113202
20.8 ; 1.05383e-08 ; 0.000110441
20.85 ; 1.00108e-08 ; 0.000107748
20.9 ; 9.50972e-09 ; 0.00010512
20.95 ; 9.03371e-09 ; 0.000102556
21 ; 8.58152e-09 ; 0.000100055
21.05 ; 8.15197e-09 ; 9.76153e-05
21.1 ; 7.74392e-09 ; 9.52347e-05
21.15 ; 7.35629e-09 ; 9.29122e-05
21.2 ; 6.98806e-09 ; 9.06463e-05
21.25 ; 6.63826e-09 ; 8.84356e-05
21.3 ; 6.30597e-09 ; 8.62789e-05
21.35 ; 5.99031e-09 ; 8.41747e-05
21.4 ; 5.69045e-09 ; 8.21219e-05
21.45 ; 5.40561e-09 ; 8.01191e-05
21.5 ; 5.13501e-09 ; 7.81652e-05
21.55 ; 4.87797e-09 ; 7.62589e-05
21.6 ; 4.63379e-09 ; 7.43991e-05
21.65 ; 4.40183e-09 ; 7.25846e-05
21.7 ; 4.18148e-09 ; 7.08144e-05
21.75 ; 3.97216e-09 ; 6.90874e-05
21.8 ; 3.77332e-09 ; 6.74024e-05
21.85 ; 3.58444e-09 ; 6.57586e-05
21.9 ; 3.405e-09 ; 6.41548e-05
21.95 ; 3.23455e-09 ; 6.25902e-05
22 ; 3.07263e-09 ; 6.10637e-05
22.05 ; 2.91882e-09 ; 5.95745e-05
22.1 ; 2.77271e-09 ; 5.81215e-05
22.15 ; 2.63391e-09 ; 5.6704e-05
22.2 ; 2.50205e-09 ; 5.53211e-05
22.25 ; 2.3768e-09 ; 5.39719e-05
22.3 ; 2.25782e-09 ; 5.26556e-05
22.35 ; 2.14479e-09 ; 5.13714e-05
22.4 ; 2.03742e-09 ; 5.01185e-05
22.45 ; 1.93543e-09 ; 4.88961e-05
22.5 ; 1.83854e-09 ; 4.77036e-05
22.55 ; 1.7465e-09 ; 4.65402e-05
22.6 ; 1.65907e-09 ; 4.54051e-05
22.65 ; 1.57602e-09 ; 4.42977e-05
22.7 ; 1.49712e-09 ; 4.32173e-05
22.75 ; 1.42218e-09 ; 4.21633e-05
22.8 ; 1.35098e-09 ; 4.1135e-05
22.85 ; 1.28335e-09 ; 4.01317e-05
22.9 ; 1.2191e-09 ; 3.91529e-05
22.95 ; 1.15807e-09 ; 3.8198e-05
23 ; 1.1001e-09 ; 3.72664e-05
23.05 ; 1.04503e-09 ; 3.63575e-05
23.1 ; 9.92711e-10 ; 3.54708e-05
23.15 ; 9.43015e-10 ; 3.46057e-05
23.2 ; 8.95806e-10 ; 3.37617e-05
23.25 ; 8.50961e-10 ; 3.29382e-05
23.3 ; 8.0836e-10 ; 3.21349e-05
23.35 ; 7.67892e-10 ; 3.13511e-05
23.4 ; 7.2945e-10 ; 3.05865e-05
23.45 ; 6.92933e-10 ; 2.98405e-05
23.5 ; 6.58243e-10 ; 2.91127e-05
23.55 ; 6.2529e-10 ; 2.84027e-05
23.6 ; 5.93987e-10 ; 2.771e-05
23.65 ; 5.64251e-10 ; 2.70341e-05
23.7 ; 5.36003e-10 ; 2.63748e-05
23.75 ; 5.0917e-10 ; 2.57315e-05
23.8 ; 4.8368e-10 ; 2.51039e-05
23.85 ; 4.59465e-10 ; 2.44916e-05
23.9 ; 4.36464e-10 ; 2.38943e-05
23.95 ; 4.14613e-10 ; 2.33115e-05
24 ; 3.93857e-10 ; 2.2743e-05
24.05 ; 3.74139e-10 ; 2.21883e-05
24.1 ; 3.55409e-10 ; 2.16471e-05
24.15 ; 3.37616e-10 ; 2.11191e-05
24.2 ; 3.20714e-10 ; 2.06041e-05
24.25 ; 3.04658e-10 ; 2.01015e-05
24.3 ; 2.89406e-10 ; 1.96113e-05
24.35 ; 2.74918e-10 ; 1.91329e-05
24.4 ; 2.61155e-10 ; 1.86663e-05
24.45 ; 2.48081e-10 ; 1.8211e-05
24.5 ; 2.35661e-10 ; 1.77669e-05
24.55 ; 2.23863e-10 ; 1.73335e-05
24.6 ; 2.12656e-10 ; 1.69108e-05
24.65 ; 2.0201e-10 ; 1.64983e-05
24.7 ; 1.91897e-10 ; 1.60959e-05
24.75 ; 1.8229e-10 ; 1.57034e-05
24.8 ; 1.73164e-10 ; 1.53204e-05
24.85 ; 1.64495e-10 ; 1.49467e-05
24.9 ; 1.56259e-10 ; 1.45821e-05
24.95 ; 1.48437e-10 ; 1.42265e-05
25 ; 1.41005e-10 ; 1.38795e-05
25.05 ; 1.33946e-10 ; 1.3541e-05
25.1 ; 1.2724e-10 ; 1.32107e-05
25.15 ; 1.2087e-10 ; 1.28885e-05
25.2 ; 1.14819e-10 ; 1.25742e-05
25.25 ; 1.09071e-10 ; 1.22675e-05
25.3 ; 1.03611e-10 ; 1.19683e-05
25.35 ; 9.84234e-11 ; 1.16764e-05
25.4 ; 9.3496e-11 ; 1.13916e-05
25.45 ; 8.88153e-11 ; 1.11137e-05
25.5 ; 8.43689e-11 ; 1.08427e-05
25.55 ; 8.01451e-11 ; 1.05782e-05
25.6 ; 7.61328e-11 ; 1.03202e-05
25.65 ; 7.23213e-11 ; 1.00685e-05
25.7 ; 6.87006e-11 ; 9.82294e-06
25.75 ; 6.52613e-11 ; 9.58336e-06
25.8 ; 6.1994e-11 ; 9.34962e-06
25.85 ; 5.88904e-11 ; 9.12159e-06
25.9 ; 5.59421e-11 ; 8.89911e-06
25.95 ; 5.31415e-11 ; 8.68206e-06
26 ; 5.0481e-11 ; 8.4703e-06
26.05 ; 4.79538e-11 ; 8.26371e-06
26.1 ; 4.5553e-11 ; 8.06216e-06
26.15 ; 4.32725e-11 ; 7.86552e-06
26.2 ; 4.11061e-11 ; 7.67368e-06
26.25 ; 3.90482e-11 ; 7.48652e-06
26.3 ; 3.70933e-11 ; 7.30393e-06
26.35 ; 3.52363e-11 ; 7.12578e-06
26.4 ; 3.34722e-11 ; 6.95198e-06
26.45 ; 3.17965e-11 ; 6.78242e-06
26.5 ; 3.02046e-11 ; 6.617e-06
26.55 ; 2.86925e-11 ; 6.45561e-06
26.6 ; 2.7256e-11 ; 6.29816e-06
26.65 ; 2.58915e-11 ; 6.14455e-06
26.7 ; 2.45952e-11 ; 5.99468e-06
26.75 ; 2.33639e-11 ; 5.84847e-06
26.8 ; 2.21942e-11 ; 5.70582e-06
26.85 ; 2.10831e-11 ; 5.56666e-06
26.9 ; 2.00276e-11 ; 5.43089e-06
26.95 ; 1.90249e-11 ; 5.29843e-06
27 ; 1.80725e-11 ; 5.1692e-06
27.05 ; 1.71677e-11 ; 5.04312e-06
27.1 ; 1.63082e-11 ; 4.92012e-06
27.15 ; 1.54918e-11 ; 4.80012e-06
27.2 ; 1.47162e-11 ; 4.68304e-06
27.25 ; 1.39794e-11 ; 4.56882e-06
27.3 ; 1.32796e-11 ; 4.45739e-06
27.35 ; 1.26147e-11 ; 4.34867e-06
27.4 ; 1.19832e-11 ; 4.2426e-06
27.45 ; 1.13833e-11 ; 4.13913e-06
27.5 ; 1.08134e-11 ; 4.03817e-06
27.55 ; 1.0272e-11 ; 3.93968e-06
27.6 ; 9.75777e-12 ; 3.84359e-06
27.65 ; 9.26926e-12 ; 3.74985e-06
27.7 ; 8.8052e-12 ; 3.65839e-06
27.75 ; 8.36438e-12 ; 3.56916e-06
27.8 ; 7.94562e-12 ; 3.48211e-06
27.85 ; 7.54783e-12 ; 3.39718e-06
27.9 ; 7.16996e-12 ; 3.31432e-06
27.95 ; 6.811e-12 ; 3.23348e-06
28 ; 6.47002e-12 ; 3.15462e-06
28.05 ; 6.1461e-12 ; 3.07768e-06
28.1 ; 5.8384e-12 ; 3.00261e-06
28.15 ; 5.54611e-12 ; 2.92938e-06
28.2 ; 5.26845e-12 ; 2.85793e-06
28.25 ; 5.00469e-12 ; 2.78822e-06
28.3 ; 4.75413e-12 ; 2.72022e-06
28.35 ; 4.51612e-12 ; 2.65387e-06
28.4 ; 4.29003e-12 ; 2.58914e-06
28.45 ; 4.07525e-12 ; 2.52599e-06
28.5 ; 3.87123e-12 ; 2.46438e-06
28.55 ; 3.67742e-12 ; 2.40428e-06
28.6 ; 3.49331e-12 ; 2.34564e-06
28.65 ; 3.31842e-12 ; 2.28843e-06
28.7 ; 3.15229e-12 ; 2.23261e-06
28.75 ; 2.99447e-12 ; 2.17816e-06
28.8 ; 2.84456e-12 ; 2.12503e-06
28.85 ; 2.70215e-12 ; 2.0732e-06
28.9 ; 2.56687e-12 ; 2.02263e-06
28.95 ; 2.43836e-12 ; 1.9733e-06
29 ; 2.31629e-12 ; 1.92517e-06
29.05 ; 2.20032e-12 ; 1.87822e-06
29.1 ; 2.09017e-12 ; 1.83241e-06
29.15 ; 1.98552e-12 ; 1.78771e-06
29.2 ; 1.88612e-12 ; 1.74411e-06
29.25 ; 1.79169e-12 ; 1.70157e-06
29.3 ; 1.70199e-12 ; 1.66007e-06
29.35 ; 1.61679e-12 ; 1.61958e-06
29.4 ; 1.53584e-12 ; 1.58008e-06
29.45 ; 1.45895e-12 ; 1.54154e-06
29.5 ; 1.38591e-12 ; 1.50394e-06
29.55 ; 1.31653e-12 ; 1.46726e-06
29.6 ; 1.25062e-12 ; 1.43147e-06
29.65 ; 1.188e-12 ; 1.39656e-06
29.7 ; 1.12853e-12 ; 1.3625e-06
29.75 ; 1.07203e-12 ; 1.32927e-06
29.8 ; 1.01836e-12 ; 1.29685e-06
29.85 ; 9.67376e-13 ; 1.26521e-06
29.9 ; 9.18945e-13 ; 1.23436e-06
29.95 ; 8.72939e-13 ; 1.20425e-06
30 ; 8.29236e-13 ; 1.17488e-06
30.05 ; 7.87721e-13 ; 1.14622e-06
30.1 ; 7.48285e-13 ; 1.11827e-06
30.15 ; 7.10822e-13 ; 1.09099e-06
30.2 ; 6.75236e-13 ; 1.06438e-06
30.25 ; 6.41431e-13 ; 1.03842e-06
30.3 ; 6.09318e-13 ; 1.01309e-06
30.35 ; 5.78813e-13 ; 9.88384e-07
30.4 ; 5.49835e-13 ; 9.64277e-07
30.45 ; 5.22308e-13 ; 9.40758e-07
30.5 ; 4.96159e-13 ; 9.17813e-07
30.55 ; 4.71319e-13 ; 8.95427e-07
30.6 ; 4.47723e-13 ; 8.73588e-07
30.65 ; 4.25308e-13 ; 8.52281e-07
30.7 ; 4.04016e-13 ; 8.31493e-07
30.75 ; 3.83789e-13 ; 8.11213e-07
30.8 ; 3.64575e-13 ; 7.91427e-07
30.85 ; 3.46323e-13 ; 7.72124e-07
30.9 ; 3.28984e-13 ; 7.53292e-07
30.95 ; 3.12514e-13 ; 7.34919e-07
31 ; 2.96868e-13 ; 7.16994e-07
31.05 ; 2.82006e-13 ; 6.99506e-07
31.1 ; 2.67888e-13 ; 6.82445e-07
31.15 ; 2.54476e-13 ; 6.658e-07
31.2 ; 2.41736e-13 ; 6.49561e-07
31.25 ; 2.29634e-13 ; 6.33718e-07
31.3 ; 2.18137e-13 ; 6.18262e-07
31.35 ; 2.07216e-13 ; 6.03182e-07
31.4 ; 1.96842e-13 ; 5.88471e-07
31.45 ; 1.86987e-13 ; 5.74118e-07
31.5 ; 1.77626e-13 ; 5.60115e-07
31.55 ; 1.68733e-13 ; 5.46453e-07
31.6 ; 1.60286e-13 ; 5.33125e-07
31.65 ; 1.52261e-13 ; 5.20122e-07
31.7 ; 1.44638e-13 ; 5.07436e-07
31.75 ; 1.37397e-13 ; 4.9506e-07
31.8 ; 1.30519e-13 ; 4.82985e-07
31.85 ; 1.23984e-13 ; 4.71205e-07
31.9 ; 1.17777e-13 ; 4.59712e-07
31.95 ; 1.11881e-13 ; 4.485e-07
32 ; 1.06279e-13 ; 4.37561e-07
32.05 ; 1.00959e-13 ; 4.26889e-07
32.1 ; 9.59043e-14 ; 4.16477e-07
32.15 ; 9.11029e-14 ; 4.06319e-07
32.2 ; 8.65419e-14 ; 3.96408e-07
32.25 ; 8.22093e-14 ; 3.8674e-07
32.3 ; 7.80935e-14 ; 3.77307e-07
32.35 ; 7.41839e-14 ; 3.68105e-07
32.4 ; 7.04699e-14 ; 3.59127e-07
32.45 ; 6.69419e-14 ; 3.50367e-07
32.5 ; 6.35905e-14 ; 3.41822e-07
32.55 ; 6.04069e-14 ; 3.33485e-07
32.6 ; 5.73827e-14 ; 3.25351e-07
32.65 ; 5.45099e-14 ; 3.17416e-07
32.7 ; 5.17809e-14 ; 3.09674e-07
32.75 ; 4.91885e-14 ; 3.02121e-07
32.8 ; 4.67259e-14 ; 2.94752e-07
32.85 ; 4.43866e-14 ; 2.87563e-07
32.9 ; 4.21644e-14 ; 2.80549e-07
32.95 ; 4.00535e-14 ; 2.73706e-07
33 ; 3.80483e-14 ; 2.67031e-07
33.05 ; 3.61434e-14 ; 2.60518e-07
33.1 ; 3.43339e-14 ; 2.54164e-07
33.15 ; 3.2615e-14 ; 2.47965e-07
33.2 ; 3.09822e-14 ; 2.41917e-07
33.25 ; 2.94311e-14 ; 2.36016e-07
33.3 ; 2.79576e-14 ; 2.3026e-07
33.35 ; 2.6558e-14 ; 2.24644e-07
33.4 ; 2.52284e-14 ; 2.19165e-07
33.45 ; 2.39653e-14 ; 2.13819e-07
33.5 ; 2.27655e-14 ; 2.08604e-07
33.55 ; 2.16258e-14 ; 2.03516e-07
33.6 ; 2.05431e-14 ; 1.98552e-07
33.65 ; 1.95146e-14 ; 1.93709e-07
33.7 ; 1.85376e-14 ; 1.88985e-07
33.75 ; 1.76096e-14 ; 1.84375e-07
33.8 ; 1.6728e-14 ; 1.79879e-07
33.85 ; 1.58905e-14 ; 1.75491e-07
33.9 ; 1.5095e-14 ; 1.71211e-07
33.95 ; 1.43392e-14 ; 1.67035e-07
34 ; 1.36214e-14 ; 1.62961e-07
34.05 ; 1.29394e-14 ; 1.58986e-07
34.1 ; 1.22916e-14 ; 1.55109e-07
34.15 ; 1.16762e-14 ; 1.51326e-07
34.2 ; 1.10917e-14 ; 1.47635e-07
34.25 ; 1.05364e-14 ; 1.44034e-07
34.3 ; 1.00089e-14 ; 1.40521e-07
34.35 ; 9.5078e-15 ; 1.37093e-07
34.4 ; 9.0318e-15 ; 1.3375e-07
34.45 ; 8.57963e-15 ; 1.30488e-07
34.5 ; 8.1501e-15 ; 1.27305e-07
34.55 ; 7.74207e-15 ; 1.242e-07
34.6 ; 7.35447e-15 ; 1.21171e-07
34.65 ; 6.98628e-15 ; 1.18215e-07
34.7 ; 6.63651e-15 ; 1.15332e-07
34.75 ; 6.30426e-15 ; 1.12519e-07
34.8 ; 5.98864e-15 ; 1.09775e-07
34.85 ; 5.68883e-15 ; 1.07097e-07
34.9 ; 5.40402e-15 ; 1.04485e-07
34.95 ; 5.13347e-15 ; 1.01937e-07
35 ; 4.87647e-15 ; 9.94504e-08
35.05 ; 4.63233e-15 ; 9.70248e-08
35.1 ; 4.40042e-15 ; 9.46583e-08
35.15 ; 4.18012e-15 ; 9.23496e-08
35.2 ; 3.97084e-15 ; 9.00972e-08
35.25 ; 3.77205e-15 ; 8.78997e-08
35.3 ; 3.5832e-15 ; 8.57558e-08
35.35 ; 3.40381e-15 ; 8.36642e-08
35.4 ; 3.2334e-15 ; 8.16236e-08
35.45 ; 3.07152e-15 ; 7.96328e-08
35.5 ; 2.91775e-15 ; 7.76905e-08
35.55 ; 2.77168e-15 ; 7.57956e-08
35.6 ; 2.63291e-15 ; 7.39469e-08
35.65 ; 2.5011e-15 ; 7.21434e-08
35.7 ; 2.37588e-15 ; 7.03838e-08
35.75 ; 2.25694e-15 ; 6.86671e-08
35.8 ; 2.14395e-15 ; 6.69923e-08
35.85 ; 2.03661e-15 ; 6.53583e-08
35.9 ; 1.93465e-15 ; 6.37642e-08
35.95 ; 1.83779e-15 ; 6.2209e-08
36 ; 1.74579e-15 ; 6.06917e-08
36.05 ; 1.65838e-15 ; 5.92114e-08
36.1 ; 1.57536e-15 ; 5.77672e-08
36.15 ; 1.49649e-15 ; 5.63583e-08
36.2 ; 1.42157e-15 ; 5.49837e-08
36.25 ; 1.3504e-15 ; 5.36426e-08
36.3 ; 1.28279e-15 ; 5.23343e-08
36.35 ; 1.21857e-15 ; 5.10578e-08
36.4 ; 1.15756e-15 ; 4.98125e-08
36.45 ; 1.09961e-15 ; 4.85976e-08
36.5 ; 1.04456e-15 ; 4.74123e-08
36.55 ; 9.92265e-16 ; 4.62559e-08
36.6 ; 9.42588e-16 ; 4.51277e-08
36.65 ; 8.95398e-16 ; 4.4027e-08
36.7 ; 8.50571e-16 ; 4.29532e-08
36.75 ; 8.07988e-16 ; 4.19055e-08
36.8 ; 7.67536e-16 ; 4.08834e-08
36.85 ; 7.2911e-16 ; 3.98863e-08
36.9 ; 6.92608e-16 ; 3.89134e-08
36.95 ; 6.57933e-16 ; 3.79643e-08
37 ; 6.24994e-16 ; 3.70384e-08
37.05 ; 5.93705e-16 ; 3.6135e-08
37.1 ; 5.63981e-16 ; 3.52537e-08
37.15 ; 5.35746e-16 ; 3.43938e-08
37.2 ; 5.08924e-16 ; 3.35549e-08
37.25 ; 4.83445e-16 ; 3.27365e-08
37.3 ; 4.59242e-16 ; 3.19381e-08
37.35 ; 4.3625e-16 ; 3.11591e-08
37.4 ; 4.1441e-16 ; 3.03991e-08
37.45 ; 3.93663e-16 ; 2.96577e-08
37.5 ; 3.73954e-16 ; 2.89343e-08
37.55 ; 3.55233e-16 ; 2.82286e-08
37.6 ; 3.37448e-16 ; 2.75401e-08
37.65 ; 3.20554e-16 ; 2.68684e-08
37.7 ; 3.04506e-16 ; 2.62131e-08
37.75 ; 2.89261e-16 ; 2.55737e-08
37.8 ; 2.74779e-16 ; 2.495e-08
37.85 ; 2.61023e-16 ; 2.43414e-08
37.9 ; 2.47955e-16 ; 2.37477e-08
37.95 ; 2.35541e-16 ; 2.31685e-08
38 ; 2.23749e-16 ; 2.26034e-08
38.05 ; 2.12547e-16 ; 2.20521e-08
38.1 ; 2.01906e-16 ; 2.15143e-08
38.15 ; 1.91798e-16 ; 2.09895e-08
38.2 ; 1.82196e-16 ; 2.04776e-08
38.25 ; 1.73074e-16 ; 1.99782e-08
38.3 ; 1.6441e-16 ; 1.94909e-08
38.35 ; 1.56178e-16 ; 1.90155e-08
38.4 ; 1.4836e-16 ; 1.85517e-08
38.45 ; 1.40932e-16 ; 1.80992e-08
38.5 ; 1.33876e-16 ; 1.76578e-08
38.55 ; 1.27174e-16 ; 1.72271e-08
38.6 ; 1.20807e-16 ; 1.68069e-08
38.65 ; 1.14759e-16 ; 1.6397e-08
38.7 ; 1.09014e-16 ; 1.59971e-08
38.75 ; 1.03556e-16 ; 1.56069e-08
38.8 ; 9.83716e-17 ; 1.52262e-08
38.85 ; 9.34467e-17 ; 1.48549e-08
38.9 ; 8.87683e-17 ; 1.44926e-08
38.95 ; 8.43242e-17 ; 1.41391e-08
39 ; 8.01026e-17 ; 1.37942e-08
39.05 ; 7.60923e-17 ; 1.34578e-08
39.1 ; 7.22828e-17 ; 1.31295e-08
39.15 ; 6.8664e-17 ; 1.28093e-08
39.2 ; 6.52264e-17 ; 1.24969e-08
39.25 ; 6.19609e-17 ; 1.21921e-08
39.3 ; 5.88589e-17 ; 1.18947e-08
39.35 ; 5.59122e-17 ; 1.16046e-08
39.4 ; 5.3113e-17 ; 1.13216e-08
39.45 ; 5.04539e-17 ; 1.10454e-08
39.5 ; 4.7928e-17 ; 1.0776e-08
39.55 ; 4.55285e-17 ; 1.05132e-08
39.6 ; 4.32492e-17 ; 1.02568e-08
39.65 ; 4.10839e-17 ; 1.00066e-08
39.7 ; 3.90271e-17 ; 9.76255e-09
39.75 ; 3.70732e-17 ; 9.52444e-09
39.8 ; 3.52172e-17 ; 9.29214e-09
39.85 ; 3.34541e-17 ; 9.0655e-09
39.9 ; 3.17792e-17 ; 8.84439e-09
39.95 ; 3.01882e-17 ; 8.62867e-09
40 ; 2.86769e-17 ; 8.41822e-09
40.05 ; 2.72412e-17 ; 8.21289e-09
40.1 ; 2.58774e-17 ; 8.01258e-09
40.15 ; 2.45819e-17 ; 7.81715e-09
40.2 ; 2.33512e-17 ; 7.62649e-09
40.25 ; 2.21821e-17 ; 7.44048e-09
40.3 ; 2.10716e-17 ; 7.259e-09
40.35 ; 2.00167e-17 ; 7.08195e-09
40.4 ; 1.90145e-17 ; 6.90922e-09
40.45 ; 1.80626e-17 ; 6.7407e-09
40.5 ; 1.71583e-17 ; 6.5763e-09
40.55 ; 1.62993e-17 ; 6.4159e-09
40.6 ; 1.54833e-17 ; 6.25941e-09
40.65 ; 1.47081e-17 ; 6.10675e-09
40.7 ; 1.39718e-17 ; 5.9578e-09
40.75 ; 1.32723e-17 ; 5.81249e-09
40.8 ; 1.26078e-17 ; 5.67072e-09
40.85 ; 1.19766e-17 ; 5.53241e-09
40.9 ; 1.1377e-17 ; 5.39747e-09
40.95 ; 1.08074e-17 ; 5.26583e-09
41 ; 1.02664e-17 ; 5.13739e-09
41.05 ; 9.7524e-18 ; 5.01209e-09
41.1 ; 9.26415e-18 ; 4.88984e-09
41.15 ; 8.80035e-18 ; 4.77058e-09
41.2 ; 8.35977e-18 ; 4.65422e-09
41.25 ; 7.94124e-18 ; 4.54071e-09
41.3 ; 7.54367e-18 ; 4.42996e-09
41.35 ; 7.166e-18 ; 4.32191e-09
41.4 ; 6.80724e-18 ; 4.2165e-09
41.45 ; 6.46644e-18 ; 4.11366e-09
41.5 ; 6.14271e-18 ; 4.01332e-09
41.55 ; 5.83518e-18 ; 3.91544e-09
41.6 ; 5.54304e-18 ; 3.81994e-09
41.65 ; 5.26553e-18 ; 3.72677e-09
41.7 ; 5.00192e-18 ; 3.63587e-09
41.75 ; 4.7515e-18 ; 3.54719e-09
41.8 ; 4.51362e-18 ; 3.46068e-09
41.85 ; 4.28765e-18 ; 3.37627e-09
41.9 ; 4.07299e-18 ; 3.29392e-09
41.95 ; 3.86908e-18 ; 3.21358e-09
42 ; 3.67538e-18 ; 3.1352e-09
42.05 ; 3.49138e-18 ; 3.05873e-09
42.1 ; 3.31658e-18 ; 2.98413e-09
42.15 ; 3.15054e-18 ; 2.91135e-09
42.2 ; 2.99281e-18 ; 2.84034e-09
42.25 ; 2.84298e-18 ; 2.77106e-09
42.3 ; 2.70065e-18 ; 2.70347e-09
42.35 ; 2.56544e-18 ; 2.63754e-09
42.4 ; 2.437e-18 ; 2.57321e-09
42.45 ; 2.315e-18 ; 2.51044e-09
42.5 ; 2.1991e-18 ; 2.44921e-09
42.55 ; 2.089e-18 ; 2.38948e-09
42.6 ; 1.98442e-18 ; 2.3312e-09
42.65 ; 1.88507e-18 ; 2.27434e-09
42.7 ; 1.7907e-18 ; 2.21887e-09
42.75 ; 1.70105e-18 ; 2.16475e-09
42.8 ; 1.61589e-18 ; 2.11195e-09
42.85 ; 1.53499e-18 ; 2.06044e-09
42.9 ; 1.45814e-18 ; 2.01018e-09
42.95 ; 1.38514e-18 ; 1.96116e-09
43 ; 1.31579e-18 ; 1.91332e-09
43.05 ; 1.24992e-18 ; 1.86666e-09
43.1 ; 1.18734e-18 ; 1.82113e-09
43.15 ; 1.1279e-18 ; 1.77671e-09
43.2 ; 1.07143e-18 ; 1.73338e-09
43.25 ; 1.01779e-18 ; 1.6911e-09
43.3 ; 9.66837e-19 ; 1.64985e-09
43.35 ; 9.18433e-19 ; 1.60961e-09
43.4 ; 8.72452e-19 ; 1.57035e-09
43.45 ; 8.28774e-19 ; 1.53205e-09
43.5 ; 7.87282e-19 ; 1.49468e-09
43.55 ; 7.47867e-19 ; 1.45823e-09
43.6 ; 7.10426e-19 ; 1.42266e-09
43.65 ; 6.74859e-19 ; 1.38796e-09
43.7 ; 6.41073e-19 ; 1.35411e-09
43.75 ; 6.08978e-19 ; 1.32108e-09
43.8 ; 5.7849e-19 ; 1.28886e-09
43.85 ; 5.49528e-19 ; 1.25743e-09
43.9 ; 5.22017e-19 ; 1.22676e-09
43.95 ; 4.95882e-19 ; 1.19684e-09
44 ; 4.71056e-19 ; 1.16765e-09
44.05 ; 4.47473e-19 ; 1.13917e-09
44.1 ; 4.25071e-19 ; 1.11138e-09
44.15 ; 4.0379e-19 ; 1.08427e-09
44.2 ; 3.83575e-19 ; 1.05783e-09
44.25 ; 3.64371e-19 ; 1.03203e-09
44.3 ; 3.46129e-19 ; 1.00686e-09
44.35 ; 3.28801e-19 ; 9.82299e-10
44.4 ; 3.12339e-19 ; 9.58341e-10
44.45 ; 2.96702e-19 ; 9.34967e-10
44.5 ; 2.81848e-19 ; 9.12162e-10
44.55 ; 2.67738e-19 ; 8.89915e-10
44.6 ; 2.54334e-19 ; 8.68209e-10
44.65 ; 2.41601e-19 ; 8.47034e-10
44.7 ; 2.29505e-19 ; 8.26374e-10
44.75 ; 2.18015e-19 ; 8.06219e-10
44.8 ; 2.071e-19 ; 7.86555e-10
44.85 ; 1.96732e-19 ; 7.67371e-10
44.9 ; 1.86883e-19 ; 7.48654e-10
44.95 ; 1.77527e-19 ; 7.30394e-10
45 ; 1.68639e-19 ; 7.1258e-10
45.05 ; 1.60196e-19 ; 6.952e-10
45.1 ; 1.52176e-19 ; 6.78244e-10
45.15 ; 1.44558e-19 ; 6.61701e-10
45.2 ; 1.3732e-19 ; 6.45562e-10
45.25 ; 1.30446e-19 ; 6.29817e-10
45.3 ; 1.23915e-19 ; 6.14455e-10
45.35 ; 1.17711e-19 ; 5.99469e-10
45.4 ; 1.11818e-19 ; 5.84847e-10
45.45 ; 1.0622e-19 ; 5.70583e-10
45.5 ; 1.00902e-19 ; 5.56666e-10
45.55 ; 9.58506e-20 ; 5.43089e-10
45.6 ; 9.10519e-20 ; 5.29843e-10
45.65 ; 8.64935e-20 ; 5.1692e-10
45.7 ; 8.21633e-20 ; 5.04312e-10
45.75 ; 7.80498e-20 ; 4.92012e-10
45.8 ; 7.41423e-20 ; 4.80012e-10
45.85 ; 7.04305e-20 ; 4.68304e-10
45.9 ; 6.69044e-20 ; 4.56882e-10
45.95 ; 6.35549e-20 ; 4.45738e-10
46 ; 6.03731e-20 ; 4.34867e-10
46.05 ; 5.73505e-20 ; 4.2426e-10
46.1 ; 5.44793e-20 ; 4.13912e-10
46.15 ; 5.17519e-20 ; 4.03817e-10
46.2 ; 4.9161e-20 ; 3.93968e-10
46.25 ; 4.66998e-20 ; 3.84359e-10
46.3 ; 4.43618e-20 ; 3.74984e-10
46.35 ; 4.21408e-20 ; 3.65838e-10
46.4 ; 4.00311e-20 ; 3.56915e-10
46.45 ; 3.8027e-20 ; 3.4821e-10
46.5 ; 3.61232e-20 ; 3.39717e-10
46.55 ; 3.43147e-20 ; 3.31431e-10
46.6 ; 3.25968e-20 ; 3.23348e-10
46.65 ; 3.09648e-20 ; 3.15461e-10
46.7 ; 2.94146e-20 ; 3.07767e-10
46.75 ; 2.7942e-20 ; 3.00261e-10
46.8 ; 2.65431e-20 ; 2.92937e-10
46.85 ; 2.52142e-20 ; 2.85792e-10
46.9 ; 2.39519e-20 ; 2.78822e-10
46.95 ; 2.27528e-20 ; 2.72021e-10
47 ; 2.16137e-20 ; 2.65387e-10
47.05 ; 2.05316e-20 ; 2.58914e-10
47.1 ; 1.95037e-20 ; 2.52599e-10
47.15 ; 1.85273e-20 ; 2.46438e-10
47.2 ; 1.75997e-20 ; 2.40427e-10
47.25 ; 1.67186e-20 ; 2.34563e-10
47.3 ; 1.58816e-20 ; 2.28842e-10
47.35 ; 1.50865e-20 ; 2.2326e-10
47.4 ; 1.43312e-20 ; 2.17815e-10
47.45 ; 1.36137e-20 ; 2.12503e-10
47.5 ; 1.29322e-20 ; 2.0732e-10
47.55 ; 1.22847e-20 ; 2.02263e-10
47.6 ; 1.16697e-20 ; 1.9733e-10
47.65 ; 1.10855e-20 ; 1.92517e-10
47.7 ; 1.05305e-20 ; 1.87821e-10
47.75 ; 1.00033e-20 ; 1.8324e-10
47.8 ; 9.50247e-21 ; 1.78771e-10
47.85 ; 9.02674e-21 ; 1.74411e-10
47.9 ; 8.57482e-21 ; 1.70157e-10
47.95 ; 8.14553e-21 ; 1.66007e-10
48 ; 7.73773e-21 ; 1.61958e-10
48.05 ; 7.35035e-21 ; 1.58008e-10
48.1 ; 6.98236e-21 ; 1.54154e-10
48.15 ; 6.63279e-21 ; 1.50394e-10
48.2 ; 6.30073e-21 ; 1.46726e-10
48.25 ; 5.98529e-21 ; 1.43147e-10
48.3 ; 5.68564e-21 ; 1.39656e-10
48.35 ; 5.40099e-21 ; 1.36249e-10
48.4 ; 5.1306e-21 ; 1.32926e-10
48.45 ; 4.87374e-21 ; 1.29684e-10
48.5 ; 4.62974e-21 ; 1.26521e-10
48.55 ; 4.39795e-21 ; 1.23435e-10
48.6 ; 4.17777e-21 ; 1.20425e-10
48.65 ; 3.96862e-21 ; 1.17487e-10
48.7 ; 3.76993e-21 ; 1.14622e-10
48.75 ; 3.58119e-21 ; 1.11826e-10
48.8 ; 3.4019e-21 ; 1.09099e-10
48.85 ; 3.23159e-21 ; 1.06438e-10
48.9 ; 3.0698e-21 ; 1.03842e-10
48.95 ; 2.91612e-21 ; 1.01309e-10
49 ; 2.77012e-21 ; 9.88381e-11
49.05 ; 2.63144e-21 ; 9.64274e-11
49.1 ; 2.4997e-21 ; 9.40755e-11
49.15 ; 2.37455e-21 ; 9.1781e-11
49.2 ; 2.25567e-21 ; 8.95424e-11
49.25 ; 2.14274e-21 ; 8.73585e-11
49.3 ; 2.03547e-21 ; 8.52278e-11
49.35 ; 1.93357e-21 ; 8.3149e-11
49.4 ; 1.83676e-21 ; 8.1121e-11
49.45 ; 1.74481e-21 ; 7.91425e-11
49.5 ; 1.65745e-21 ; 7.72122e-11
49.55 ; 1.57448e-21 ; 7.53289e-11
49.6 ; 1.49565e-21 ; 7.34916e-11
49.65 ; 1.42077e-21 ; 7.16992e-11
49.7 ; 1.34964e-21 ; 6.99504e-11
49.75 ; 1.28207e-21 ; 6.82443e-11
49.8 ; 1.21789e-21 ; 6.65798e-11
49.85 ; 1.15692e-21 ; 6.49559e-11
49.9 ; 1.099e-21 ; 6.33716e-11
49.95 ; 1.04397e-21 ; 6.1826e-11
50 ; 9.91709e-22 ; 6.0318e-11
50.05 ; 9.4206e-22 ; 5.88468e-11
50.1 ; 8.94896e-22 ; 5.74115e-11
50.15 ; 8.50094e-22 ; 5.60113e-11
50.2 ; 8.07535e-22 ; 5.46451e-11
50.25 ; 7.67106e-22 ; 5.33123e-11
50.3 ; 7.28702e-22 ; 5.2012e-11
50.35 ; 6.9222e-22 ; 5.07434e-11
50.4 ; 6.57564e-22 ; 4.95058e-11
50.45 ; 6.24644e-22 ; 4.82983e-11
50.5 ; 5.93372e-22 ; 4.71203e-11
50.55 ; 5.63665e-22 ; 4.59711e-11
50.6 ; 5.35446e-22 ; 4.48498e-11
50.65 ; 5.08639e-22 ; 4.37559e-11
50.7 ; 4.83174e-22 ; 4.26887e-11
50.75 ; 4.58985e-22 ; 4.16475e-11
50.8 ; 4.36006e-22 ; 4.06317e-11
50.85 ; 4.14178e-22 ; 3.96407e-11
50.9 ; 3.93442e-22 ; 3.86739e-11
50.95 ; 3.73745e-22 ; 3.77306e-11
51 ; 3.55034e-22 ; 3.68103e-11
51.05 ; 3.37259e-22 ; 3.59125e-11
51.1 ; 3.20375e-22 ; 3.50366e-11
51.15 ; 3.04335e-22 ; 3.4182e-11
51.2 ; 2.89099e-22 ; 3.33483e-11
51.25 ; 2.74625e-22 ; 3.2535e-11
51.3 ; 2.60877e-22 ; 3.17414e-11
51.35 ; 2.47816e-22 ; 3.09672e-11
51.4 ; 2.35409e-22 ; 3.0212e-11
51.45 ; 2.23624e-22 ; 2.94751e-11
51.5 ; 2.12428e-22 ; 2.87562e-11
51.55 ; 2.01793e-22 ; 2.80548e-11
51.6 ; 1.91691e-22 ; 2.73705e-11
51.65 ; 1.82094e-22 ; 2.6703e-11
51.7 ; 1.72977e-22 ; 2.60517e-11
51.75 ; 1.64317e-22 ; 2.54163e-11
51.8 ; 1.56091e-22 ; 2.47964e-11
51.85 ; 1.48276e-22 ; 2.41916e-11
51.9 ; 1.40853e-22 ; 2.36015e-11
51.95 ; 1.33801e-22 ; 2.30259e-11
52 ; 1.27103e-22 ; 2.24643e-11
52.05 ; 1.20739e-22 ; 2.19164e-11
52.1 ; 1.14695e-22 ; 2.13818e-11
52.15 ; 1.08953e-22 ; 2.08603e-11
52.2 ; 1.03498e-22 ; 2.03515e-11
52.25 ; 9.83164e-23 ; 1.98551e-11
52.3 ; 9.33943e-23 ; 1.93709e-11
52.35 ; 8.87186e-23 ; 1.88984e-11
52.4 ; 8.4277e-23 ; 1.84375e-11
52.45 ; 8.00577e-23 ; 1.79878e-11
52.5 ; 7.60497e-23 ; 1.75491e-11
52.55 ; 7.22423e-23 ; 1.7121e-11
52.6 ; 6.86256e-23 ; 1.67034e-11
52.65 ; 6.51899e-23 ; 1.6296e-11
52.7 ; 6.19262e-23 ; 1.58986e-11
52.75 ; 5.88259e-23 ; 1.55108e-11
52.8 ; 5.58808e-23 ; 1.51325e-11
52.85 ; 5.30832e-23 ; 1.47634e-11
52.9 ; 5.04256e-23 ; 1.44033e-11
52.95 ; 4.79011e-23 ; 1.4052e-11
53 ; 4.5503e-23 ; 1.37093e-11
53.05 ; 4.32249e-23 ; 1.33749e-11
53.1 ; 4.10609e-23 ; 1.30487e-11
53.15 ; 3.90052e-23 ; 1.27304e-11
53.2 ; 3.70525e-23 ; 1.24199e-11
53.25 ; 3.51975e-23 ; 1.2117e-11
53.3 ; 3.34353e-23 ; 1.18215e-11
53.35 ; 3.17614e-23 ; 1.15332e-11
53.4 ; 3.01713e-23 ; 1.12519e-11
53.45 ; 2.86608e-23 ; 1.09774e-11
53.5 ; 2.72259e-23 ; 1.07097e-11
53.55 ; 2.58629e-23 ; 1.04485e-11
53.6 ; 2.45681e-23 ; 1.01936e-11
53.65 ; 2.33381e-23 ; 9.945e-12
53.7 ; 2.21697e-23 ; 9.70244e-12
53.75 ; 2.10598e-23 ; 9.46579e-12
53.8 ; 2.00054e-23 ; 9.23492e-12
53.85 ; 1.90039e-23 ; 9.00968e-12
53.9 ; 1.80525e-23 ; 8.78993e-12
53.95 ; 1.71487e-23 ; 8.57554e-12
54 ; 1.62902e-23 ; 8.36638e-12
54.05 ; 1.54746e-23 ; 8.16233e-12
54.1 ; 1.46999e-23 ; 7.96324e-12
54.15 ; 1.39639e-23 ; 7.76902e-12
54.2 ; 1.32648e-23 ; 7.57953e-12
54.25 ; 1.26008e-23 ; 7.39466e-12
54.3 ; 1.19699e-23 ; 7.21431e-12
54.35 ; 1.13706e-23 ; 7.03835e-12
54.4 ; 1.08014e-23 ; 6.86668e-12
54.45 ; 1.02606e-23 ; 6.6992e-12
54.5 ; 9.74693e-24 ; 6.53581e-12
54.55 ; 9.25896e-24 ; 6.3764e-12
54.6 ; 8.79542e-24 ; 6.22087e-12
54.65 ; 8.35508e-24 ; 6.06914e-12
54.7 ; 7.93679e-24 ; 5.92112e-12
54.75 ; 7.53944e-24 ; 5.7767e-12
54.8 ; 7.16199e-24 ; 5.6358e-12
54.85 ; 6.80343e-24 ; 5.49835e-12
54.9 ; 6.46282e-24 ; 5.36424e-12
54.95 ; 6.13926e-24 ; 5.2334e-12
55 ; 5.83191e-24 ; 5.10576e-12
55.05 ; 5.53994e-24 ; 4.98123e-12
55.1 ; 5.26258e-24 ; 4.85974e-12
55.15 ; 4.99912e-24 ; 4.74121e-12
55.2 ; 4.74884e-24 ; 4.62557e-12
55.25 ; 4.51109e-24 ; 4.51275e-12
55.3 ; 4.28525e-24 ; 4.40268e-12
55.35 ; 4.07071e-24 ; 4.2953e-12
55.4 ; 3.86691e-24 ; 4.19054e-12
55.45 ; 3.67332e-24 ; 4.08833e-12
55.5 ; 3.48942e-24 ; 3.98861e-12
55.55 ; 3.31472e-24 ; 3.89133e-12
55.6 ; 3.14877e-24 ; 3.79642e-12
55.65 ; 2.99113e-24 ; 3.70382e-12
55.7 ; 2.84139e-24 ; 3.61349e-12
55.75 ; 2.69913e-24 ; 3.52535e-12
55.8 ; 2.564e-24 ; 3.43937e-12
55.85 ; 2.43564e-24 ; 3.35548e-12
55.9 ; 2.3137e-24 ; 3.27364e-12
55.95 ; 2.19787e-24 ; 3.19379e-12
56 ; 2.08783e-24 ; 3.1159e-12
56.05 ; 1.98331e-24 ; 3.0399e-12
56.1 ; 1.88401e-24 ; 2.96576e-12
56.15 ; 1.78969e-24 ; 2.89342e-12
56.2 ; 1.70009e-24 ; 2.82285e-12
56.25 ; 1.61498e-24 ; 2.754e-12
56.3 ; 1.53413e-24 ; 2.68683e-12
56.35 ; 1.45732e-24 ; 2.6213e-12
56.4 ; 1.38436e-24 ; 2.55736e-12
56.45 ; 1.31506e-24 ; 2.49499e-12
56.5 ; 1.24922e-24 ; 2.43413e-12
56.55 ; 1.18668e-24 ; 2.37476e-12
56.6 ; 1.12727e-24 ; 2.31684e-12
56.65 ; 1.07083e-24 ; 2.26034e-12
56.7 ; 1.01722e-24 ; 2.20521e-12
56.75 ; 9.66295e-25 ; 2.15142e-12
56.8 ; 9.17918e-25 ; 2.09895e-12
56.85 ; 8.71963e-25 ; 2.04775e-12
56.9 ; 8.28309e-25 ; 1.99781e-12
56.95 ; 7.8684e-25 ; 1.94908e-12
57 ; 7.47448e-25 ; 1.90154e-12
57.05 ; 7.10028e-25 ; 1.85516e-12
57.1 ; 6.74481e-25 ; 1.80991e-12
57.15 ; 6.40713e-25 ; 1.76577e-12
57.2 ; 6.08636e-25 ; 1.7227e-12
57.25 ; 5.78166e-25 ; 1.68069e-12
57.3 ; 5.4922e-25 ; 1.63969e-12
57.35 ; 5.21724e-25 ; 1.5997e-12
57.4 ; 4.95604e-25 ; 1.56068e-12
57.45 ; 4.70792e-25 ; 1.52262e-12
57.5 ; 4.47222e-25 ; 1.48548e-12
57.55 ; 4.24833e-25 ; 1.44925e-12
57.6 ; 4.03564e-25 ; 1.4139e-12
57.65 ; 3.8336e-25 ; 1.37942e-12
57.7 ; 3.64167e-25 ; 1.34577e-12
57.75 ; 3.45935e-25 ; 1.31295e-12
57.8 ; 3.28616e-25 ; 1.28093e-12
57.85 ; 3.12164e-25 ; 1.24968e-12
57.9 ; 2.96536e-25 ; 1.2192e-12
57.95 ; 2.8169e-25 ; 1.18947e-12
58 ; 2.67588e-25 ; 1.16046e-12
58.05 ; 2.54191e-25 ; 1.13215e-12
58.1 ; 2.41465e-25 ; 1.10454e-12
58.15 ; 2.29377e-25 ; 1.0776e-12
58.2 ; 2.17893e-25 ; 1.05132e-12
58.25 ; 2.06984e-25 ; 1.02567e-12
58.3 ; 1.96622e-25 ; 1.00066e-12
58.35 ; 1.86778e-25 ; 9.76251e-13
58.4 ; 1.77427e-25 ; 9.5244e-13
58.45 ; 1.68544e-25 ; 9.2921e-13
58.5 ; 1.60106e-25 ; 9.06546e-13
58.55 ; 1.52091e-25 ; 8.84435e-13
58.6 ; 1.44477e-25 ; 8.62864e-13
58.65 ; 1.37243e-25 ; 8.41818e-13
58.7 ; 1.30372e-25 ; 8.21286e-13
58.75 ; 1.23845e-25 ; 8.01255e-13
58.8 ; 1.17645e-25 ; 7.81712e-13
58.85 ; 1.11755e-25 ; 7.62646e-13
58.9 ; 1.0616e-25 ; 7.44045e-13
58.95 ; 1.00846e-25 ; 7.25897e-13
59 ; 9.57969e-26 ; 7.08192e-13
59.05 ; 9.10009e-26 ; 6.90919e-13
59.1 ; 8.6445e-26 ; 6.74068e-13
59.15 ; 8.21172e-26 ; 6.57627e-13
59.2 ; 7.80061e-26 ; 6.41587e-13
59.25 ; 7.41008e-26 ; 6.25939e-13
59.3 ; 7.0391e-26 ; 6.10672e-13
59.35 ; 6.68669e-26 ; 5.95778e-13
59.4 ; 6.35193e-26 ; 5.81246e-13
59.45 ; 6.03392e-26 ; 5.6707e-13
59.5 ; 5.73184e-26 ; 5.53239e-13
59.55 ; 5.44488e-26 ; 5.39745e-13
59.6 ; 5.17229e-26 ; 5.26581e-13
59.65 ; 4.91334e-26 ; 5.13737e-13
59.7 ; 4.66736e-26 ; 5.01207e-13
59.75 ; 4.43369e-26 ; 4.88982e-13
59.8 ; 4.21172e-26 ; 4.77056e-13
59.85 ; 4.00086e-26 ; 4.65421e-13
59.9 ; 3.80056e-26 ; 4.54069e-13
59.95 ; 3.61029e-26 ; 4.42994e-13
60 ; 3.42955e-26 ; 4.32189e-13
60.05 ; 3.25785e-26 ; 4.21648e-13
60.1 ; 3.09475e-26 ; 4.11364e-13
60.15 ; 2.93981e-26 ; 4.01331e-13
60.2 ; 2.79263e-26 ; 3.91542e-13
60.25 ; 2.65282e-26 ; 3.81992e-13
60.3 ; 2.52001e-26 ; 3.72675e-13
60.35 ; 2.39385e-26 ; 3.63586e-13
60.4 ; 2.274e-26 ; 3.54718e-13
60.45 ; 2.16016e-26 ; 3.46066e-13
60.5 ; 2.05201e-26 ; 3.37626e-13
60.55 ; 1.94928e-26 ; 3.29391e-13
60.6 ; 1.85169e-26 ; 3.21357e-13
60.65 ; 1.75898e-26 ; 3.13519e-13
60.7 ; 1.67092e-26 ; 3.05872e-13
60.75 ; 1.58727e-26 ; 2.98412e-13
60.8 ; 1.5078e-26 ; 2.91133e-13
60.85 ; 1.43232e-26 ; 2.84033e-13
60.9 ; 1.36061e-26 ; 2.77105e-13
60.95 ; 1.29249e-26 ; 2.70346e-13
61 ; 1.22778e-26 ; 2.63753e-13
61.05 ; 1.16632e-26 ; 2.5732e-13
61.1 ; 1.10793e-26 ; 2.51043e-13
61.15 ; 1.05246e-26 ; 2.4492e-13
61.2 ; 9.99767e-27 ; 2.38947e-13
61.25 ; 9.49715e-27 ; 2.33119e-13
61.3 ; 9.02168e-27 ; 2.27433e-13
61.35 ; 8.57002e-27 ; 2.21886e-13
61.4 ; 8.14097e-27 ; 2.16474e-13
61.45 ; 7.7334e-27 ; 2.11194e-13
61.5 ; 7.34623e-27 ; 2.06043e-13
61.55 ; 6.97845e-27 ; 2.01018e-13
61.6 ; 6.62908e-27 ; 1.96115e-13
61.65 ; 6.2972e-27 ; 1.91331e-13
61.7 ; 5.98193e-27 ; 1.86665e-13
61.75 ; 5.68245e-27 ; 1.82112e-13
61.8 ; 5.39797e-27 ; 1.7767e-13
61.85 ; 5.12772e-27 ; 1.73337e-13
61.9 ; 4.87101e-27 ; 1.69109e-13
61.95 ; 4.62714e-27 ; 1.64985e-13
62 ; 4.39549e-27 ; 1.6096e-13
62.05 ; 4.17543e-27 ; 1.57035e-13
62.1 ; 3.96639e-27 ; 1.53205e-13
62.15 ; 3.76782e-27 ; 1.49468e-13
62.2 ; 3.57919e-27 ; 1.45822e-13
62.25 ; 3.4e-27 ; 1.42266e-13
62.3 ; 3.22978e-27 ; 1.38796e-13
62.35 ; 3.06808e-27 ; 1.3541e-13
62.4 ; 2.91448e-27 ; 1.32108e-13
62.45 ; 2.76857e-27 ; 1.28886e-13
62.5 ; 2.62996e-27 ; 1.25742e-13
62.55 ; 2.4983e-27 ; 1.22675e-13
62.6 ; 2.37322e-27 ; 1.19683e-13
62.65 ; 2.25441e-27 ; 1.16764e-13
62.7 ; 2.14154e-27 ; 1.13916e-13
62.75 ; 2.03433e-27 ; 1.11138e-13
62.8 ; 1.93248e-27 ; 1.08427e-13
62.85 ; 1.83573e-27 ; 1.05782e-13
62.9 ; 1.74383e-27 ; 1.03202e-13
62.95 ; 1.65653e-27 ; 1.00685e-13
63 ; 1.57359e-27 ; 9.82295e-14
63.05 ; 1.49481e-27 ; 9.58337e-14
63.1 ; 1.41998e-27 ; 9.34963e-14
63.15 ; 1.34889e-27 ; 9.12159e-14
63.2 ; 1.28135e-27 ; 8.89911e-14
63.25 ; 1.2172e-27 ; 8.68206e-14
63.3 ; 1.15627e-27 ; 8.4703e-14
63.35 ; 1.09838e-27 ; 8.26371e-14
63.4 ; 1.04339e-27 ; 8.06215e-14
63.45 ; 9.91153e-28 ; 7.86552e-14
63.5 ; 9.41532e-28 ; 7.67367e-14
63.55 ; 8.94395e-28 ; 7.48651e-14
63.6 ; 8.49618e-28 ; 7.30391e-14
63.65 ; 8.07082e-28 ; 7.12577e-14
63.7 ; 7.66676e-28 ; 6.95197e-14
63.75 ; 7.28293e-28 ; 6.78241e-14
63.8 ; 6.91832e-28 ; 6.61698e-14
63.85 ; 6.57196e-28 ; 6.4556e-14
63.9 ; 6.24294e-28 ; 6.29814e-14
63.95 ; 5.93039e-28 ; 6.14453e-14
64 ; 5.63349e-28 ; 5.99466e-14
64.05 ; 5.35146e-28 ; 5.84845e-14
64.1 ; 5.08354e-28 ; 5.70581e-14
64.15 ; 4.82904e-28 ; 5.56664e-14
64.2 ; 4.58727e-28 ; 5.43087e-14
64.25 ; 4.35762e-28 ; 5.29841e-14
64.3 ; 4.13946e-28 ; 5.16918e-14
64.35 ; 3.93222e-28 ; 5.0431e-14
64.4 ; 3.73535e-28 ; 4.9201e-14
64.45 ; 3.54835e-28 ; 4.8001e-14
64.5 ; 3.3707e-28 ; 4.68302e-14
64.55 ; 3.20195e-28 ; 4.5688e-14
64.6 ; 3.04165e-28 ; 4.45737e-14
64.65 ; 2.88937e-28 ; 4.34865e-14
64.7 ; 2.74472e-28 ; 4.24259e-14
64.75 ; 2.6073e-28 ; 4.13911e-14
64.8 ; 2.47677e-28 ; 4.03815e-14
64.85 ; 2.35277e-28 ; 3.93966e-14
64.9 ; 2.23498e-28 ; 3.84357e-14
64.95 ; 2.12309e-28 ; 3.74983e-14
65 ; 2.0168e-28 ; 3.65837e-14
65.05 ; 1.91583e-28 ; 3.56914e-14
65.1 ; 1.81992e-28 ; 3.48209e-14
65.15 ; 1.7288e-28 ; 3.39716e-14
65.2 ; 1.64225e-28 ; 3.3143e-14
65.25 ; 1.56003e-28 ; 3.23346e-14
65.3 ; 1.48193e-28 ; 3.1546e-14
65.35 ; 1.40774e-28 ; 3.07766e-14
65.4 ; 1.33726e-28 ; 3.00259e-14
65.45 ; 1.27031e-28 ; 2.92936e-14
65.5 ; 1.20672e-28 ; 2.85791e-14
65.55 ; 1.1463e-28 ; 2.78821e-14
65.6 ; 1.08892e-28 ; 2.7202e-14
65.65 ; 1.0344e-28 ; 2.65385e-14
65.7 ; 9.82613e-29 ; 2.58913e-14
65.75 ; 9.33419e-29 ; 2.52598e-14
65.8 ; 8.86688e-29 ; 2.46437e-14
65.85 ; 8.42297e-29 ; 2.40426e-14
65.9 ; 8.00128e-29 ; 2.34562e-14
65.95 ; 7.6007e-29 ; 2.28841e-14
66 ; 7.22018e-29 ; 2.2326e-14
66.05 ; 6.85871e-29 ; 2.17814e-14
66.1 ; 6.51533e-29 ; 2.12502e-14
66.15 ; 6.18915e-29 ; 2.07319e-14
66.2 ; 5.87929e-29 ; 2.02262e-14
66.25 ; 5.58495e-29 ; 1.97329e-14
66.3 ; 5.30535e-29 ; 1.92516e-14
66.35 ; 5.03974e-29 ; 1.87821e-14
66.4 ; 4.78743e-29 ; 1.8324e-14
66.45 ; 4.54775e-29 ; 1.7877e-14
66.5 ; 4.32007e-29 ; 1.7441e-14
66.55 ; 4.10379e-29 ; 1.70156e-14
66.6 ; 3.89834e-29 ; 1.66006e-14
66.65 ; 3.70317e-29 ; 1.61957e-14
66.7 ; 3.51777e-29 ; 1.58007e-14
66.75 ; 3.34166e-29 ; 1.54153e-14
66.8 ; 3.17436e-29 ; 1.50393e-14
66.85 ; 3.01544e-29 ; 1.46725e-14
66.9 ; 2.86447e-29 ; 1.43146e-14
66.95 ; 2.72107e-29 ; 1.39655e-14
67 ; 2.58484e-29 ; 1.36249e-14
67.05 ; 2.45543e-29 ; 1.32926e-14
67.1 ; 2.3325e-29 ; 1.29684e-14
67.15 ; 2.21573e-29 ; 1.26521e-14
67.2 ; 2.1048e-29 ; 1.23435e-14
67.25 ; 1.99942e-29 ; 1.20424e-14
67.3 ; 1.89932e-29 ; 1.17487e-14
67.35 ; 1.80424e-29 ; 1.14621e-14
67.4 ; 1.71391e-29 ; 1.11826e-14
67.45 ; 1.6281e-29 ; 1.09098e-14
67.5 ; 1.54659e-29 ; 1.06437e-14
67.55 ; 1.46916e-29 ; 1.03841e-14
67.6 ; 1.39561e-29 ; 1.01309e-14
67.65 ; 1.32574e-29 ; 9.88377e-15
67.7 ; 1.25937e-29 ; 9.6427e-15
67.75 ; 1.19632e-29 ; 9.40751e-15
67.8 ; 1.13643e-29 ; 9.17806e-15
67.85 ; 1.07953e-29 ; 8.95421e-15
67.9 ; 1.02549e-29 ; 8.73581e-15
67.95 ; 9.74147e-30 ; 8.52274e-15
68 ; 9.25377e-30 ; 8.31487e-15
68.05 ; 8.79049e-30 ; 8.11207e-15
68.1 ; 8.3504e-30 ; 7.91421e-15
68.15 ; 7.93234e-30 ; 7.72118e-15
68.2 ; 7.53521e-30 ; 7.53286e-15
68.25 ; 7.15797e-30 ; 7.34913e-15
68.3 ; 6.79961e-30 ; 7.16989e-15
68.35 ; 6.4592e-30 ; 6.99501e-15
68.4 ; 6.13582e-30 ; 6.8244e-15
68.45 ; 5.82864e-30 ; 6.65795e-15
68.5 ; 5.53683e-30 ; 6.49556e-15
68.55 ; 5.25963e-30 ; 6.33713e-15
68.6 ; 4.99631e-30 ; 6.18257e-15
68.65 ; 4.74618e-30 ; 6.03178e-15
68.7 ; 4.50856e-30 ; 5.88466e-15
68.75 ; 4.28285e-30 ; 5.74113e-15
68.8 ; 4.06843e-30 ; 5.6011e-15
68.85 ; 3.86475e-30 ; 5.46449e-15
68.9 ; 3.67126e-30 ; 5.33121e-15
68.95 ; 3.48746e-30 ; 5.20118e-15
69 ; 3.31287e-30 ; 5.07432e-15
69.05 ; 3.14701e-30 ; 4.95056e-15
69.1 ; 2.98946e-30 ; 4.82981e-15
69.15 ; 2.83979e-30 ; 4.71201e-15
69.2 ; 2.69762e-30 ; 4.59709e-15
69.25 ; 2.56257e-30 ; 4.48496e-15
69.3 ; 2.43427e-30 ; 4.37557e-15
69.35 ; 2.3124e-30 ; 4.26885e-15
69.4 ; 2.19664e-30 ; 4.16473e-15
69.45 ; 2.08666e-30 ; 4.06315e-15
69.5 ; 1.9822e-30 ; 3.96405e-15
69.55 ; 1.88296e-30 ; 3.86737e-15
69.6 ; 1.78869e-30 ; 3.77304e-15
69.65 ; 1.69914e-30 ; 3.68102e-15
69.7 ; 1.61407e-30 ; 3.59124e-15
69.75 ; 1.53327e-30 ; 3.50365e-15
69.8 ; 1.45651e-30 ; 3.41819e-15
69.85 ; 1.38359e-30 ; 3.33482e-15
69.9 ; 1.31432e-30 ; 3.25348e-15
69.95 ; 1.24852e-30 ; 3.17413e-15
70 ; 1.18601e-30 ; 3.09671e-15
70.05 ; 1.12664e-30 ; 3.02118e-15
70.1 ; 1.07023e-30 ; 2.9475e-15
70.15 ; 1.01665e-30 ; 2.87561e-15
70.2 ; 9.65753e-31 ; 2.80547e-15
70.25 ; 9.17403e-31 ; 2.73704e-15
70.3 ; 8.71474e-31 ; 2.67029e-15
70.35 ; 8.27845e-31 ; 2.60516e-15
70.4 ; 7.86399e-31 ; 2.54162e-15
70.45 ; 7.47029e-31 ; 2.47963e-15
70.5 ; 7.0963e-31 ; 2.41915e-15
70.55 ; 6.74103e-31 ; 2.36014e-15
70.6 ; 6.40354e-31 ; 2.30258e-15
70.65 ; 6.08295e-31 ; 2.24642e-15
70.7 ; 5.77842e-31 ; 2.19163e-15
70.75 ; 5.48912e-31 ; 2.13817e-15
70.8 ; 5.21432e-31 ; 2.08602e-15
70.85 ; 4.95326e-31 ; 2.03514e-15
70.9 ; 4.70528e-31 ; 1.98551e-15
70.95 ; 4.46972e-31 ; 1.93708e-15
71 ; 4.24594e-31 ; 1.88983e-15
71.05 ; 4.03337e-31 ; 1.84374e-15
71.1 ; 3.83145e-31 ; 1.79877e-15
71.15 ; 3.63963e-31 ; 1.7549e-15
71.2 ; 3.45741e-31 ; 1.7121e-15
71.25 ; 3.28432e-31 ; 1.67034e-15
71.3 ; 3.11989e-31 ; 1.6296e-15
71.35 ; 2.9637e-31 ; 1.58985e-15
71.4 ; 2.81532e-31 ; 1.55107e-15
71.45 ; 2.67438e-31 ; 1.51324e-15
71.5 ; 2.54049e-31 ; 1.47633e-15
71.55 ; 2.4133e-31 ; 1.44033e-15
71.6 ; 2.29248e-31 ; 1.4052e-15
71.65 ; 2.17771e-31 ; 1.37092e-15
71.7 ; 2.06868e-31 ; 1.33749e-15
71.75 ; 1.96512e-31 ; 1.30486e-15
71.8 ; 1.86673e-31 ; 1.27304e-15
71.85 ; 1.77328e-31 ; 1.24199e-15
71.9 ; 1.6845e-31 ; 1.2117e-15
71.95 ; 1.60017e-31 ; 1.18214e-15
72 ; 1.52006e-31 ; 1.15331e-15
72.05 ; 1.44396e-31 ; 1.12518e-15
72.1 ; 1.37167e-31 ; 1.09774e-15
72.15 ; 1.30299e-31 ; 1.07096e-15
72.2 ; 1.23776e-31 ; 1.04484e-15
72.25 ; 1.17579e-31 ; 1.01936e-15
72.3 ; 1.11693e-31 ; 9.94496e-16
72.35 ; 1.06101e-31 ; 9.7024e-16
72.4 ; 1.00789e-31 ; 9.46576e-16
72.45 ; 9.57432e-32 ; 9.23488e-16
72.5 ; 9.09499e-32 ; 9.00964e-16
72.55 ; 8.63966e-32 ; 8.7899e-16
72.6 ; 8.20712e-32 ; 8.57551e-16
72.65 ; 7.79624e-32 ; 8.36635e-16
72.7 ; 7.40592e-32 ; 8.16229e-16
72.75 ; 7.03515e-32 ; 7.96321e-16
72.8 ; 6.68294e-32 ; 7.76899e-16
72.85 ; 6.34837e-32 ; 7.5795e-16
72.9 ; 6.03054e-32 ; 7.39463e-16
72.95 ; 5.72863e-32 ; 7.21428e-16
73 ; 5.44183e-32 ; 7.03832e-16
73.05 ; 5.16939e-32 ; 6.86665e-16
73.1 ; 4.91059e-32 ; 6.69917e-16
73.15 ; 4.66474e-32 ; 6.53578e-16
73.2 ; 4.43121e-32 ; 6.37637e-16
73.25 ; 4.20936e-32 ; 6.22085e-16
73.3 ; 3.99862e-32 ; 6.06912e-16
73.35 ; 3.79843e-32 ; 5.92109e-16
73.4 ; 3.60827e-32 ; 5.77668e-16
73.45 ; 3.42762e-32 ; 5.63578e-16
73.5 ; 3.25602e-32 ; 5.49832e-16
73.55 ; 3.09301e-32 ; 5.36422e-16
73.6 ; 2.93816e-32 ; 5.23338e-16
73.65 ; 2.79107e-32 ; 5.10574e-16
73.7 ; 2.65133e-32 ; 4.98121e-16
73.75 ; 2.5186e-32 ; 4.85972e-16
73.8 ; 2.39251e-32 ; 4.74119e-16
73.85 ; 2.27273e-32 ; 4.62555e-16
73.9 ; 2.15894e-32 ; 4.51273e-16
73.95 ; 2.05086e-32 ; 4.40266e-16
74 ; 1.94818e-32 ; 4.29528e-16
74.05 ; 1.85065e-32 ; 4.19052e-16
74.1 ; 1.758e-32 ; 4.08831e-16
74.15 ; 1.66999e-32 ; 3.9886e-16
74.2 ; 1.58638e-32 ; 3.89131e-16
74.25 ; 1.50696e-32 ; 3.7964e-16
74.3 ; 1.43151e-32 ; 3.70381e-16
74.35 ; 1.35985e-32 ; 3.61347e-16
74.4 ; 1.29177e-32 ; 3.52534e-16
74.45 ; 1.2271e-32 ; 3.43935e-16
74.5 ; 1.16566e-32 ; 3.35547e-16
74.55 ; 1.1073e-32 ; 3.27363e-16
74.6 ; 1.05187e-32 ; 3.19378e-16
74.65 ; 9.99207e-33 ; 3.11588e-16
74.7 ; 9.49182e-33 ; 3.03989e-16
74.75 ; 9.01662e-33 ; 2.96574e-16
74.8 ; 8.56521e-33 ; 2.89341e-16
74.85 ; 8.1364e-33 ; 2.82284e-16
74.9 ; 7.72906e-33 ; 2.75399e-16
74.95 ; 7.34211e-33 ; 2.68682e-16
75 ; 6.97454e-33 ; 2.62129e-16
75.05 ; 6.62536e-33 ; 2.55735e-16
75.1 ; 6.29367e-33 ; 2.49498e-16
75.15 ; 5.97858e-33 ; 2.43412e-16
75.2 ; 5.67927e-33 ; 2.37476e-16
75.25 ; 5.39494e-33 ; 2.31683e-16
75.3 ; 5.12485e-33 ; 2.26033e-16
75.35 ; 4.86828e-33 ; 2.2052e-16
75.4 ; 4.62455e-33 ; 2.15141e-16
75.45 ; 4.39302e-33 ; 2.09894e-16
75.5 ; 4.17309e-33 ; 2.04774e-16
75.55 ; 3.96417e-33 ; 1.9978e-16
75.6 ; 3.76571e-33 ; 1.94907e-16
75.65 ; 3.57718e-33 ; 1.90153e-16
75.7 ; 3.39809e-33 ; 1.85515e-16
75.75 ; 3.22797e-33 ; 1.80991e-16
75.8 ; 3.06636e-33 ; 1.76576e-16
75.85 ; 2.91285e-33 ; 1.7227e-16
75.9 ; 2.76702e-33 ; 1.68068e-16
75.95 ; 2.62849e-33 ; 1.63969e-16
76 ; 2.4969e-33 ; 1.59969e-16
76.05 ; 2.37189e-33 ; 1.56068e-16
76.1 ; 2.25314e-33 ; 1.52261e-16
76.15 ; 2.14034e-33 ; 1.48548e-16
76.2 ; 2.03319e-33 ; 1.44924e-16
76.25 ; 1.9314e-33 ; 1.4139e-16
76.3 ; 1.8347e-33 ; 1.37941e-16
76.35 ; 1.74285e-33 ; 1.34577e-16
76.4 ; 1.6556e-33 ; 1.31294e-16
76.45 ; 1.57271e-33 ; 1.28092e-16
76.5 ; 1.49397e-33 ; 1.24968e-16
76.55 ; 1.41918e-33 ; 1.2192e-16
76.6 ; 1.34813e-33 ; 1.18946e-16
76.65 ; 1.28064e-33 ; 1.16045e-16
76.7 ; 1.21652e-33 ; 1.13215e-16
76.75 ; 1.15562e-33 ; 1.10453e-16
76.8 ; 1.09776e-33 ; 1.07759e-16
76.85 ; 1.0428e-33 ; 1.05131e-16
76.9 ; 9.90598e-34 ; 1.02567e-16
76.95 ; 9.41004e-34 ; 1.00065e-16
77 ; 8.93893e-34 ; 9.76247e-17
77.05 ; 8.49141e-34 ; 9.52436e-17
77.1 ; 8.0663e-34 ; 9.29206e-17
77.15 ; 7.66247e-34 ; 9.06542e-17
77.2 ; 7.27885e-34 ; 8.84432e-17
77.25 ; 6.91444e-34 ; 8.6286e-17
77.3 ; 6.56828e-34 ; 8.41815e-17
77.35 ; 6.23944e-34 ; 8.21283e-17
77.4 ; 5.92707e-34 ; 8.01251e-17
77.45 ; 5.63033e-34 ; 7.81709e-17
77.5 ; 5.34846e-34 ; 7.62643e-17
77.55 ; 5.08069e-34 ; 7.44042e-17
77.6 ; 4.82633e-34 ; 7.25894e-17
77.65 ; 4.5847e-34 ; 7.08189e-17
77.7 ; 4.35517e-34 ; 6.90917e-17
77.75 ; 4.13713e-34 ; 6.74065e-17
77.8 ; 3.93001e-34 ; 6.57624e-17
77.85 ; 3.73326e-34 ; 6.41585e-17
77.9 ; 3.54636e-34 ; 6.25936e-17
77.95 ; 3.36881e-34 ; 6.1067e-17
78 ; 3.20015e-34 ; 5.95775e-17
78.05 ; 3.03994e-34 ; 5.81244e-17
78.1 ; 2.88775e-34 ; 5.67067e-17
78.15 ; 2.74318e-34 ; 5.53236e-17
78.2 ; 2.60584e-34 ; 5.39743e-17
78.25 ; 2.47538e-34 ; 5.26578e-17
78.3 ; 2.35145e-34 ; 5.13735e-17
78.35 ; 2.23373e-34 ; 5.01205e-17
78.4 ; 2.1219e-34 ; 4.8898e-17
78.45 ; 2.01567e-34 ; 4.77054e-17
78.5 ; 1.91476e-34 ; 4.65419e-17
78.55 ; 1.8189e-34 ; 4.54067e-17
78.6 ; 1.72783e-34 ; 4.42992e-17
78.65 ; 1.64133e-34 ; 4.32187e-17
78.7 ; 1.55916e-34 ; 4.21646e-17
78.75 ; 1.4811e-34 ; 4.11362e-17
78.8 ; 1.40695e-34 ; 4.01329e-17
78.85 ; 1.33651e-34 ; 3.9154e-17
78.9 ; 1.2696e-34 ; 3.81991e-17
78.95 ; 1.20604e-34 ; 3.72674e-17
79 ; 1.14566e-34 ; 3.63584e-17
79.05 ; 1.0883e-34 ; 3.54716e-17
79.1 ; 1.03382e-34 ; 3.46065e-17
79.15 ; 9.82062e-35 ; 3.37624e-17
79.2 ; 9.32896e-35 ; 3.29389e-17
79.25 ; 8.86191e-35 ; 3.21356e-17
79.3 ; 8.41825e-35 ; 3.13518e-17
79.35 ; 7.9968e-35 ; 3.05871e-17
79.4 ; 7.59644e-35 ; 2.98411e-17
79.45 ; 7.21613e-35 ; 2.91132e-17
79.5 ; 6.85486e-35 ; 2.84031e-17
79.55 ; 6.51168e-35 ; 2.77104e-17
79.6 ; 6.18568e-35 ; 2.70345e-17
79.65 ; 5.876e-35 ; 2.63751e-17
79.7 ; 5.58182e-35 ; 2.57318e-17
79.75 ; 5.30237e-35 ; 2.51042e-17
79.8 ; 5.03691e-35 ; 2.44919e-17
79.85 ; 4.78474e-35 ; 2.38946e-17
79.9 ; 4.5452e-35 ; 2.33118e-17
79.95 ; 4.31765e-35 ; 2.27432e-17
80 ; 4.10149e-35 ; 2.21885e-17
80.05 ; 3.89615e-35 ; 2.16473e-17
80.1 ; 3.70109e-35 ; 2.11193e-17
80.15 ; 3.5158e-35 ; 2.06042e-17
80.2 ; 3.33979e-35 ; 2.01017e-17
80.25 ; 3.17258e-35 ; 1.96114e-17
80.3 ; 3.01375e-35 ; 1.91331e-17
80.35 ; 2.86287e-35 ; 1.86664e-17
80.4 ; 2.71954e-35 ; 1.82111e-17
80.45 ; 2.58339e-35 ; 1.7767e-17
80.5 ; 2.45405e-35 ; 1.73336e-17
80.55 ; 2.33119e-35 ; 1.69108e-17
80.6 ; 2.21448e-35 ; 1.64984e-17
80.65 ; 2.10362e-35 ; 1.6096e-17
80.7 ; 1.9983e-35 ; 1.57034e-17
80.75 ; 1.89826e-35 ; 1.53204e-17
80.8 ; 1.80322e-35 ; 1.49467e-17
80.85 ; 1.71295e-35 ; 1.45822e-17
80.9 ; 1.62719e-35 ; 1.42265e-17
80.95 ; 1.54573e-35 ; 1.38795e-17
81 ; 1.46834e-35 ; 1.3541e-17
81.05 ; 1.39483e-35 ; 1.32107e-17
81.1 ; 1.325e-35 ; 1.28885e-17
81.15 ; 1.25866e-35 ; 1.25742e-17
81.2 ; 1.19565e-35 ; 1.22675e-17
81.25 ; 1.13579e-35 ; 1.19683e-17
81.3 ; 1.07893e-35 ; 1.16764e-17
81.35 ; 1.02491e-35 ; 1.13916e-17
81.4 ; 9.73601e-36 ; 1.11137e-17
81.45 ; 9.24858e-36 ; 1.08427e-17
81.5 ; 8.78556e-36 ; 1.05782e-17
81.55 ; 8.34572e-36 ; 1.03202e-17
81.6 ; 7.92789e-36 ; 1.00685e-17
81.65 ; 7.53099e-36 ; 9.82291e-18
81.7 ; 7.15396e-36 ; 9.58333e-18
81.75 ; 6.7958e-36 ; 9.34959e-18
81.8 ; 6.45557e-36 ; 9.12155e-18
81.85 ; 6.13238e-36 ; 8.89907e-18
81.9 ; 5.82537e-36 ; 8.68202e-18
81.95 ; 5.53373e-36 ; 8.47027e-18
82 ; 5.25669e-36 ; 8.26367e-18
82.05 ; 4.99351e-36 ; 8.06212e-18
82.1 ; 4.74352e-36 ; 7.86548e-18
82.15 ; 4.50604e-36 ; 7.67364e-18
82.2 ; 4.28045e-36 ; 7.48648e-18
82.25 ; 4.06615e-36 ; 7.30388e-18
82.3 ; 3.86258e-36 ; 7.12574e-18
82.35 ; 3.6692e-36 ; 6.95194e-18
82.4 ; 3.48551e-36 ; 6.78238e-18
82.45 ; 3.31101e-36 ; 6.61696e-18
82.5 ; 3.14525e-36 ; 6.45557e-18
82.55 ; 2.98778e-36 ; 6.29812e-18
82.6 ; 2.8382e-36 ; 6.1445e-18
82.65 ; 2.69611e-36 ; 5.99464e-18
82.7 ; 2.56113e-36 ; 5.84843e-18
82.75 ; 2.43291e-36 ; 5.70578e-18
82.8 ; 2.31111e-36 ; 5.56662e-18
82.85 ; 2.1954e-36 ; 5.43085e-18
82.9 ; 2.08549e-36 ; 5.29839e-18
82.95 ; 1.98108e-36 ; 5.16916e-18
83 ; 1.8819e-36 ; 5.04308e-18
83.05 ; 1.78769e-36 ; 4.92008e-18
83.1 ; 1.69819e-36 ; 4.80008e-18
83.15 ; 1.61317e-36 ; 4.683e-18
83.2 ; 1.53241e-36 ; 4.56878e-18
83.25 ; 1.45569e-36 ; 4.45735e-18
83.3 ; 1.38281e-36 ; 4.34863e-18
83.35 ; 1.31358e-36 ; 4.24257e-18
83.4 ; 1.24782e-36 ; 4.13909e-18
83.45 ; 1.18535e-36 ; 4.03814e-18
83.5 ; 1.126e-36 ; 3.93965e-18
83.55 ; 1.06963e-36 ; 3.84356e-18
83.6 ; 1.01608e-36 ; 3.74981e-18
83.65 ; 9.65212e-37 ; 3.65835e-18
83.7 ; 9.16889e-37 ; 3.56912e-18
83.75 ; 8.70986e-37 ; 3.48207e-18
83.8 ; 8.27381e-37 ; 3.39714e-18
83.85 ; 7.85959e-37 ; 3.31429e-18
83.9 ; 7.4661e-37 ; 3.23345e-18
83.95 ; 7.09232e-37 ; 3.15459e-18
84 ; 6.73725e-37 ; 3.07765e-18
84.05 ; 6.39995e-37 ; 3.00258e-18
84.1 ; 6.07954e-37 ; 2.92935e-18
84.15 ; 5.77518e-37 ; 2.8579e-18
84.2 ; 5.48605e-37 ; 2.78819e-18
84.25 ; 5.21139e-37 ; 2.72019e-18
84.3 ; 4.95049e-37 ; 2.65384e-18
84.35 ; 4.70265e-37 ; 2.58912e-18
84.4 ; 4.46721e-37 ; 2.52597e-18
84.45 ; 4.24356e-37 ; 2.46436e-18
84.5 ; 4.03111e-37 ; 2.40425e-18
84.55 ; 3.8293e-37 ; 2.34561e-18
84.6 ; 3.63759e-37 ; 2.2884e-18
84.65 ; 3.45548e-37 ; 2.23259e-18
84.7 ; 3.28248e-37 ; 2.17813e-18
84.75 ; 3.11815e-37 ; 2.12501e-18
84.8 ; 2.96204e-37 ; 2.07318e-18
84.85 ; 2.81375e-37 ; 2.02261e-18
84.9 ; 2.67288e-37 ; 1.97328e-18
84.95 ; 2.53906e-37 ; 1.92515e-18
85 ; 2.41195e-37 ; 1.8782e-18
85.05 ; 2.29119e-37 ; 1.83239e-18
85.1 ; 2.17649e-37 ; 1.7877e-18
85.15 ; 2.06752e-37 ; 1.74409e-18
85.2 ; 1.96401e-37 ; 1.70155e-18
85.25 ; 1.86569e-37 ; 1.66005e-18
85.3 ; 1.77228e-37 ; 1.61956e-18
85.35 ; 1.68356e-37 ; 1.58006e-18
85.4 ; 1.59927e-37 ; 1.54152e-18
85.45 ; 1.5192e-37 ; 1.50393e-18
85.5 ; 1.44315e-37 ; 1.46724e-18
85.55 ; 1.3709e-37 ; 1.43146e-18
85.6 ; 1.30226e-37 ; 1.39654e-18
85.65 ; 1.23707e-37 ; 1.36248e-18
85.7 ; 1.17513e-37 ; 1.32925e-18
85.75 ; 1.1163e-37 ; 1.29683e-18
85.8 ; 1.06042e-37 ; 1.2652e-18
85.85 ; 1.00733e-37 ; 1.23434e-18
85.9 ; 9.56895e-38 ; 1.20424e-18
85.95 ; 9.08989e-38 ; 1.17486e-18
86 ; 8.63481e-38 ; 1.14621e-18
86.05 ; 8.20252e-38 ; 1.11825e-18
86.1 ; 7.79187e-38 ; 1.09098e-18
86.15 ; 7.40177e-38 ; 1.06437e-18
86.2 ; 7.03121e-38 ; 1.03841e-18
86.25 ; 6.6792e-38 ; 1.01308e-18
86.3 ; 6.34481e-38 ; 9.88373e-19
86.35 ; 6.02716e-38 ; 9.64266e-19
86.4 ; 5.72542e-38 ; 9.40747e-19
86.45 ; 5.43878e-38 ; 9.17802e-19
86.5 ; 5.16649e-38 ; 8.95417e-19
86.55 ; 4.90783e-38 ; 8.73577e-19
86.6 ; 4.66213e-38 ; 8.52271e-19
86.65 ; 4.42872e-38 ; 8.31484e-19
86.7 ; 4.207e-38 ; 8.11203e-19
86.75 ; 3.99638e-38 ; 7.91418e-19
86.8 ; 3.79631e-38 ; 7.72115e-19
86.85 ; 3.60625e-38 ; 7.53283e-19
86.9 ; 3.4257e-38 ; 7.3491e-19
86.95 ; 3.2542e-38 ; 7.16986e-19
87 ; 3.09128e-38 ; 6.99498e-19
87.05 ; 2.93652e-38 ; 6.82437e-19
87.1 ; 2.7895e-38 ; 6.65792e-19
87.15 ; 2.64985e-38 ; 6.49554e-19
87.2 ; 2.51719e-38 ; 6.33711e-19
87.25 ; 2.39116e-38 ; 6.18254e-19
87.3 ; 2.27145e-38 ; 6.03175e-19
87.35 ; 2.15773e-38 ; 5.88464e-19
87.4 ; 2.04971e-38 ; 5.74111e-19
87.45 ; 1.94709e-38 ; 5.60108e-19
87.5 ; 1.84961e-38 ; 5.46447e-19
87.55 ; 1.75701e-38 ; 5.33119e-19
87.6 ; 1.66905e-38 ; 5.20116e-19
87.65 ; 1.58549e-38 ; 5.0743e-19
87.7 ; 1.50611e-38 ; 4.95054e-19
87.75 ; 1.43071e-38 ; 4.82979e-19
87.8 ; 1.35908e-38 ; 4.71199e-19
87.85 ; 1.29104e-38 ; 4.59707e-19
87.9 ; 1.22641e-38 ; 4.48494e-19
87.95 ; 1.16501e-38 ; 4.37556e-19
88 ; 1.10668e-38 ; 4.26883e-19
88.05 ; 1.05128e-38 ; 4.16472e-19
88.1 ; 9.98647e-39 ; 4.06314e-19
88.15 ; 9.4865e-39 ; 3.96404e-19
88.2 ; 9.01157e-39 ; 3.86735e-19
88.25 ; 8.56041e-39 ; 3.77303e-19
88.3 ; 8.13184e-39 ; 3.681e-19
88.35 ; 7.72473e-39 ; 3.59122e-19
88.4 ; 7.338e-39 ; 3.50363e-19
88.45 ; 6.97063e-39 ; 3.41818e-19
88.5 ; 6.62165e-39 ; 3.33481e-19
88.55 ; 6.29014e-39 ; 3.25347e-19
88.6 ; 5.97523e-39 ; 3.17412e-19
88.65 ; 5.67608e-39 ; 3.0967e-19
88.7 ; 5.39192e-39 ; 3.02117e-19
88.75 ; 5.12197e-39 ; 2.94748e-19
88.8 ; 4.86555e-39 ; 2.87559e-19
88.85 ; 4.62196e-39 ; 2.80546e-19
88.9 ; 4.39056e-39 ; 2.73703e-19
88.95 ; 4.17075e-39 ; 2.67027e-19
89 ; 3.96195e-39 ; 2.60515e-19
89.05 ; 3.7636e-39 ; 2.54161e-19
89.1 ; 3.57517e-39 ; 2.47962e-19
89.15 ; 3.39619e-39 ; 2.41914e-19
89.2 ; 3.22616e-39 ; 2.36013e-19
89.25 ; 3.06464e-39 ; 2.30257e-19
89.3 ; 2.91121e-39 ; 2.24641e-19
89.35 ; 2.76547e-39 ; 2.19162e-19
89.4 ; 2.62702e-39 ; 2.13816e-19
89.45 ; 2.4955e-39 ; 2.08601e-19
89.5 ; 2.37056e-39 ; 2.03514e-19
89.55 ; 2.25188e-39 ; 1.9855e-19
89.6 ; 2.13914e-39 ; 1.93707e-19
89.65 ; 2.03205e-39 ; 1.88983e-19
89.7 ; 1.93032e-39 ; 1.84373e-19
89.75 ; 1.83368e-39 ; 1.79876e-19
89.8 ; 1.74187e-39 ; 1.75489e-19
89.85 ; 1.65467e-39 ; 1.71209e-19
89.9 ; 1.57183e-39 ; 1.67033e-19
89.95 ; 1.49314e-39 ; 1.62959e-19
90 ; 1.41838e-39 ; 1.58984e-19
90.05 ; 1.34737e-39 ; 1.55107e-19
90.1 ; 1.27992e-39 ; 1.51324e-19
90.15 ; 1.21584e-39 ; 1.47633e-19
90.2 ; 1.15497e-39 ; 1.44032e-19
90.25 ; 1.09715e-39 ; 1.40519e-19
90.3 ; 1.04222e-39 ; 1.37092e-19
90.35 ; 9.90042e-40 ; 1.33748e-19
90.4 ; 9.40477e-40 ; 1.30486e-19
90.45 ; 8.93392e-40 ; 1.27303e-19
90.5 ; 8.48665e-40 ; 1.24198e-19
90.55 ; 8.06178e-40 ; 1.21169e-19
90.6 ; 7.65817e-40 ; 1.18214e-19
90.65 ; 7.27477e-40 ; 1.15331e-19
90.7 ; 6.91057e-40 ; 1.12518e-19
90.75 ; 6.56459e-40 ; 1.09773e-19
90.8 ; 6.23594e-40 ; 1.07096e-19
90.85 ; 5.92374e-40 ; 1.04484e-19
90.9 ; 5.62718e-40 ; 1.01935e-19
90.95 ; 5.34546e-40 ; 9.94492e-20
91 ; 5.07784e-40 ; 9.70236e-20
91.05 ; 4.82362e-40 ; 9.46572e-20
91.1 ; 4.58213e-40 ; 9.23485e-20
91.15 ; 4.35273e-40 ; 9.00961e-20
91.2 ; 4.13482e-40 ; 8.78986e-20
91.25 ; 3.92781e-40 ; 8.57547e-20
91.3 ; 3.73117e-40 ; 8.36631e-20
91.35 ; 3.54437e-40 ; 8.16226e-20
91.4 ; 3.36692e-40 ; 7.96318e-20
91.45 ; 3.19836e-40 ; 7.76895e-20
91.5 ; 3.03824e-40 ; 7.57947e-20
91.55 ; 2.88613e-40 ; 7.3946e-20
91.6 ; 2.74164e-40 ; 7.21425e-20
91.65 ; 2.60438e-40 ; 7.03829e-20
91.7 ; 2.47399e-40 ; 6.86662e-20
91.75 ; 2.35014e-40 ; 6.69915e-20
91.8 ; 2.23248e-40 ; 6.53575e-20
91.85 ; 2.12071e-40 ; 6.37634e-20
91.9 ; 2.01454e-40 ; 6.22082e-20
91.95 ; 1.91368e-40 ; 6.06909e-20
92 ; 1.81788e-40 ; 5.92107e-20
92.05 ; 1.72687e-40 ; 5.77665e-20
92.1 ; 1.64041e-40 ; 5.63576e-20
92.15 ; 1.55829e-40 ; 5.4983e-20
92.2 ; 1.48027e-40 ; 5.3642e-20
92.25 ; 1.40616e-40 ; 5.23336e-20
92.3 ; 1.33576e-40 ; 5.10572e-20
92.35 ; 1.26889e-40 ; 4.98119e-20
92.4 ; 1.20536e-40 ; 4.8597e-20
92.45 ; 1.14502e-40 ; 4.74117e-20
92.5 ; 1.08769e-40 ; 4.62553e-20
92.55 ; 1.03324e-40 ; 4.51271e-20
92.6 ; 9.81512e-41 ; 4.40265e-20
92.65 ; 9.32373e-41 ; 4.29526e-20
92.7 ; 8.85695e-41 ; 4.1905e-20
92.75 ; 8.41353e-41 ; 4.08829e-20
92.8 ; 7.99231e-41 ; 3.98858e-20
92.85 ; 7.59219e-41 ; 3.8913e-20
92.9 ; 7.21209e-41 ; 3.79639e-20
92.95 ; 6.85102e-41 ; 3.70379e-20
93 ; 6.50803e-41 ; 3.61346e-20
93.05 ; 6.18221e-41 ; 3.52532e-20
93.1 ; 5.8727e-41 ; 3.43934e-20
93.15 ; 5.57869e-41 ; 3.35545e-20
93.2 ; 5.2994e-41 ; 3.27361e-20
93.25 ; 5.03409e-41 ; 3.19377e-20
93.3 ; 4.78206e-41 ; 3.11587e-20
93.35 ; 4.54265e-41 ; 3.03987e-20
93.4 ; 4.31523e-41 ; 2.96573e-20
93.45 ; 4.09919e-41 ; 2.8934e-20
93.5 ; 3.89397e-41 ; 2.82283e-20
93.55 ; 3.69902e-41 ; 2.75398e-20
93.6 ; 3.51383e-41 ; 2.68681e-20
93.65 ; 3.33791e-41 ; 2.62127e-20
93.7 ; 3.1708e-41 ; 2.55734e-20
93.75 ; 3.01206e-41 ; 2.49497e-20
93.8 ; 2.86126e-41 ; 2.43411e-20
93.85 ; 2.71802e-41 ; 2.37475e-20
93.9 ; 2.58194e-41 ; 2.31682e-20
93.95 ; 2.45268e-41 ; 2.26032e-20
94 ; 2.32989e-41 ; 2.20519e-20
94.05 ; 2.21324e-41 ; 2.1514e-20
94.1 ; 2.10244e-41 ; 2.09893e-20
94.15 ; 1.99718e-41 ; 2.04774e-20
94.2 ; 1.89719e-41 ; 1.99779e-20
94.25 ; 1.80221e-41 ; 1.94906e-20
94.3 ; 1.71199e-41 ; 1.90153e-20
94.35 ; 1.62628e-41 ; 1.85515e-20
94.4 ; 1.54486e-41 ; 1.8099e-20
94.45 ; 1.46752e-41 ; 1.76576e-20
94.5 ; 1.39405e-41 ; 1.72269e-20
94.55 ; 1.32426e-41 ; 1.68067e-20
94.6 ; 1.25796e-41 ; 1.63968e-20
94.65 ; 1.19498e-41 ; 1.59969e-20
94.7 ; 1.13515e-41 ; 1.56067e-20
94.75 ; 1.07832e-41 ; 1.52261e-20
94.8 ; 1.02434e-41 ; 1.48547e-20
94.85 ; 9.73055e-42 ; 1.44924e-20
94.9 ; 9.2434e-42 ; 1.41389e-20
94.95 ; 8.78063e-42 ; 1.37941e-20
95 ; 8.34104e-42 ; 1.34576e-20
95.05 ; 7.92345e-42 ; 1.31294e-20
95.1 ; 7.52677e-42 ; 1.28092e-20
95.15 ; 7.14995e-42 ; 1.24967e-20
95.2 ; 6.79199e-42 ; 1.21919e-20
95.25 ; 6.45196e-42 ; 1.18946e-20
95.3 ; 6.12894e-42 ; 1.16045e-20
95.35 ; 5.8221e-42 ; 1.13214e-20
95.4 ; 5.53062e-42 ; 1.10453e-20
95.45 ; 5.25374e-42 ; 1.07759e-20
95.5 ; 4.99071e-42 ; 1.05131e-20
95.55 ; 4.74086e-42 ; 1.02567e-20
95.6 ; 4.50351e-42 ; 1.00065e-20
95.65 ; 4.27805e-42 ; 9.76243e-21
95.7 ; 4.06387e-42 ; 9.52432e-21
95.75 ; 3.86042e-42 ; 9.29202e-21
95.8 ; 3.66715e-42 ; 9.06539e-21
95.85 ; 3.48355e-42 ; 8.84428e-21
95.9 ; 3.30915e-42 ; 8.62856e-21
95.95 ; 3.14348e-42 ; 8.41811e-21
96 ; 2.98611e-42 ; 8.21279e-21
96.05 ; 2.83661e-42 ; 8.01248e-21
96.1 ; 2.6946e-42 ; 7.81705e-21
96.15 ; 2.55969e-42 ; 7.62639e-21
96.2 ; 2.43155e-42 ; 7.44038e-21
96.25 ; 2.30981e-42 ; 7.25891e-21
96.3 ; 2.19417e-42 ; 7.08186e-21
96.35 ; 2.08432e-42 ; 6.90914e-21
96.4 ; 1.97997e-42 ; 6.74062e-21
96.45 ; 1.88085e-42 ; 6.57622e-21
96.5 ; 1.78668e-42 ; 6.41582e-21
96.55 ; 1.69724e-42 ; 6.25934e-21
96.6 ; 1.61227e-42 ; 6.10667e-21
96.65 ; 1.53155e-42 ; 5.95773e-21
96.7 ; 1.45487e-42 ; 5.81242e-21
96.75 ; 1.38204e-42 ; 5.67065e-21
96.8 ; 1.31285e-42 ; 5.53234e-21
96.85 ; 1.24712e-42 ; 5.39741e-21
96.9 ; 1.18468e-42 ; 5.26576e-21
96.95 ; 1.12537e-42 ; 5.13733e-21
97 ; 1.06903e-42 ; 5.01203e-21
97.05 ; 1.01551e-42 ; 4.88978e-21
97.1 ; 9.64671e-43 ; 4.77052e-21
97.15 ; 9.16375e-43 ; 4.65417e-21
97.2 ; 8.70498e-43 ; 4.54065e-21
97.25 ; 8.26917e-43 ; 4.4299e-21
97.3 ; 7.85518e-43 ; 4.32186e-21
97.35 ; 7.46192e-43 ; 4.21645e-21
97.4 ; 7.08834e-43 ; 4.11361e-21
97.45 ; 6.73347e-43 ; 4.01327e-21
97.5 ; 6.39636e-43 ; 3.91539e-21
97.55 ; 6.07614e-43 ; 3.81989e-21
97.6 ; 5.77194e-43 ; 3.72672e-21
97.65 ; 5.48297e-43 ; 3.63583e-21
97.7 ; 5.20847e-43 ; 3.54715e-21
97.75 ; 4.94771e-43 ; 3.46063e-21
97.8 ; 4.70001e-43 ; 3.37623e-21
97.85 ; 4.46471e-43 ; 3.29388e-21
97.9 ; 4.24119e-43 ; 3.21354e-21
97.95 ; 4.02885e-43 ; 3.13516e-21
98 ; 3.82715e-43 ; 3.0587e-21
98.05 ; 3.63555e-43 ; 2.98409e-21
98.1 ; 3.45354e-43 ; 2.91131e-21
98.15 ; 3.28064e-43 ; 2.8403e-21
98.2 ; 3.1164e-43 ; 2.77103e-21
98.25 ; 2.96038e-43 ; 2.70344e-21
98.3 ; 2.81217e-43 ; 2.6375e-21
98.35 ; 2.67138e-43 ; 2.57317e-21
98.4 ; 2.53764e-43 ; 2.51041e-21
98.45 ; 2.41059e-43 ; 2.44918e-21
98.5 ; 2.28991e-43 ; 2.38945e-21
98.55 ; 2.17527e-43 ; 2.33117e-21
98.6 ; 2.06636e-43 ; 2.27431e-21
98.65 ; 1.96291e-43 ; 2.21884e-21
98.7 ; 1.86464e-43 ; 2.16472e-21
98.75 ; 1.77129e-43 ; 2.11192e-21
98.8 ; 1.68261e-43 ; 2.06041e-21
98.85 ; 1.59837e-43 ; 2.01016e-21
98.9 ; 1.51835e-43 ; 1.96113e-21
98.95 ; 1.44234e-43 ; 1.9133e-21
99 ; 1.37013e-43 ; 1.86663e-21
99.05 ; 1.30153e-43 ; 1.82111e-21
99.1 ; 1.23637e-43 ; 1.77669e-21
99.15 ; 1.17448e-43 ; 1.73335e-21
99.2 ; 1.11568e-43 ; 1.69108e-21
99.25 ; 1.05982e-43 ; 1.64983e-21
99.3 ; 1.00676e-43 ; 1.60959e-21
99.35 ; 9.56359e-44 ; 1.57033e-21
99.4 ; 9.0848e-44 ; 1.53203e-21
99.45 ; 8.62997e-44 ; 1.49467e-21
99.5 ; 8.19792e-44 ; 1.45821e-21
99.55 ; 7.7875e-44 ; 1.42264e-21
99.6 ; 7.39762e-44 ; 1.38795e-21
99.65 ; 7.02727e-44 ; 1.35409e-21
99.7 ; 6.67545e-44 ; 1.32107e-21
99.75 ; 6.34125e-44 ; 1.28885e-21
99.8 ; 6.02378e-44 ; 1.25741e-21
99.85 ; 5.72221e-44 ; 1.22674e-21
99.9 ; 5.43573e-44 ; 1.19682e-21
99.95 ; 5.16359e-44 ; 1.16763e-21
100 ; 4.90508e-44 ; 1.13915e-21
