0 ; 0.97399 ; 0.351137
0.05 ; 0.949337 ; 0.352207
0.1 ; 0.925919 ; 0.35321
0.15 ; 0.903631 ; 0.354148
0.2 ; 0.882377 ; 0.35502
0.25 ; 0.862073 ; 0.355828
0.3 ; 0.842645 ; 0.356572
0.35 ; 0.824025 ; 0.357252
0.4 ; 0.806154 ; 0.35787
0.45 ; 0.788978 ; 0.358427
0.5 ; 0.772448 ; 0.358921
0.55 ; 0.75652 ; 0.359356
0.6 ; 0.741155 ; 0.35973
0.65 ; 0.726316 ; 0.360045
0.7 ; 0.711969 ; 0.360302
0.75 ; 0.698086 ; 0.360501
0.8 ; 0.684639 ; 0.360642
0.85 ; 0.671602 ; 0.360727
0.9 ; 0.658952 ; 0.360757
0.95 ; 0.646668 ; 0.360732
1 ; 0.634731 ; 0.360652
1.05 ; 0.623122 ; 0.360519
1.1 ; 0.611824 ; 0.360333
1.15 ; 0.600823 ; 0.360095
1.2 ; 0.590104 ; 0.359806
1.25 ; 0.579653 ; 0.359466
1.3 ; 0.569458 ; 0.359076
1.35 ; 0.559508 ; 0.358638
1.4 ; 0.549791 ; 0.358151
1.45 ; 0.540299 ; 0.357616
1.5 ; 0.531021 ; 0.357035
1.55 ; 0.521948 ; 0.356408
1.6 ; 0.513073 ; 0.355736
1.65 ; 0.504387 ; 0.355019
1.7 ; 0.495884 ; 0.354259
1.75 ; 0.487556 ; 0.353455
1.8 ; 0.479398 ; 0.35261
1.85 ; 0.471402 ; 0.351723
1.9 ; 0.463564 ; 0.350796
1.95 ; 0.455878 ; 0.349829
2 ; 0.448339 ; 0.348823
2.05 ; 0.440942 ; 0.347778
2.1 ; 0.433682 ; 0.346696
2.15 ; 0.426556 ; 0.345577
2.2 ; 0.419558 ; 0.344423
2.25 ; 0.412686 ; 0.343233
2.3 ; 0.405935 ; 0.342008
2.35 ; 0.399301 ; 0.34075
2.4 ; 0.392783 ; 0.339459
2.45 ; 0.386376 ; 0.338136
2.5 ; 0.380077 ; 0.336781
2.55 ; 0.373883 ; 0.335395
2.6 ; 0.367792 ; 0.33398
2.65 ; 0.361801 ; 0.332535
2.7 ; 0.355907 ; 0.331062
2.75 ; 0.350108 ; 0.32956
2.8 ; 0.344402 ; 0.328032
2.85 ; 0.338786 ; 0.326477
2.9 ; 0.333258 ; 0.324897
2.95 ; 0.327817 ; 0.323292
3 ; 0.322459 ; 0.321662
3.05 ; 0.317184 ; 0.320009
3.1 ; 0.31199 ; 0.318333
3.15 ; 0.306874 ; 0.316634
3.2 ; 0.301835 ; 0.314914
3.25 ; 0.296872 ; 0.313173
3.3 ; 0.291983 ; 0.311412
3.35 ; 0.287165 ; 0.309631
3.4 ; 0.282419 ; 0.307831
3.45 ; 0.277742 ; 0.306013
3.5 ; 0.273134 ; 0.304177
3.55 ; 0.268592 ; 0.302324
3.6 ; 0.264116 ; 0.300455
3.65 ; 0.259704 ; 0.29857
3.7 ; 0.255355 ; 0.296669
3.75 ; 0.251068 ; 0.294754
3.8 ; 0.246842 ; 0.292824
3.85 ; 0.242676 ; 0.290882
3.9 ; 0.238568 ; 0.288926
3.95 ; 0.234519 ; 0.286958
4 ; 0.230526 ; 0.284978
4.05 ; 0.226589 ; 0.282987
4.1 ; 0.222707 ; 0.280985
4.15 ; 0.218878 ; 0.278972
4.2 ; 0.215104 ; 0.276951
4.25 ; 0.211381 ; 0.27492
4.3 ; 0.20771 ; 0.27288
4.35 ; 0.204089 ; 0.270832
4.4 ; 0.200519 ; 0.268777
4.45 ; 0.196998 ; 0.266714
4.5 ; 0.193525 ; 0.264645
4.55 ; 0.1901 ; 0.262569
4.6 ; 0.186722 ; 0.260488
4.65 ; 0.18339 ; 0.258402
4.7 ; 0.180104 ; 0.25631
4.75 ; 0.176864 ; 0.254215
4.8 ; 0.173667 ; 0.252115
4.85 ; 0.170515 ; 0.250012
4.9 ; 0.167406 ; 0.247906
4.95 ; 0.16434 ; 0.245797
5 ; 0.161316 ; 0.243685
5.05 ; 0.158333 ; 0.241572
5.1 ; 0.155392 ; 0.239458
5.15 ; 0.152491 ; 0.237342
5.2 ; 0.14963 ; 0.235226
5.25 ; 0.146809 ; 0.233109
5.3 ; 0.144027 ; 0.230993
5.35 ; 0.141284 ; 0.228876
5.4 ; 0.138579 ; 0.226761
5.45 ; 0.135912 ; 0.224646
5.5 ; 0.133282 ; 0.222534
5.55 ; 0.130689 ; 0.220422
5.6 ; 0.128132 ; 0.218313
5.65 ; 0.125611 ; 0.216207
5.7 ; 0.123127 ; 0.214103
5.75 ; 0.120677 ; 0.212002
5.8 ; 0.118263 ; 0.209905
5.85 ; 0.115882 ; 0.207811
5.9 ; 0.113537 ; 0.205722
5.95 ; 0.111225 ; 0.203636
6 ; 0.108946 ; 0.201555
6.05 ; 0.106701 ; 0.199479
6.1 ; 0.104488 ; 0.197408
6.15 ; 0.102308 ; 0.195342
6.2 ; 0.10016 ; 0.193283
6.25 ; 0.0980444 ; 0.191228
6.3 ; 0.09596 ; 0.189181
6.35 ; 0.0939069 ; 0.187139
6.4 ; 0.0918848 ; 0.185104
6.45 ; 0.0898933 ; 0.183076
6.5 ; 0.0879322 ; 0.181055
6.55 ; 0.0860013 ; 0.179042
6.6 ; 0.0841002 ; 0.177035
6.65 ; 0.0822287 ; 0.175037
6.7 ; 0.0803865 ; 0.173047
6.75 ; 0.0785734 ; 0.171065
6.8 ; 0.076789 ; 0.169091
6.85 ; 0.0750332 ; 0.167126
6.9 ; 0.0733056 ; 0.16517
6.95 ; 0.0716061 ; 0.163223
7 ; 0.0699344 ; 0.161285
7.05 ; 0.0682903 ; 0.159357
7.1 ; 0.0666734 ; 0.157438
7.15 ; 0.0650836 ; 0.155529
7.2 ; 0.0635207 ; 0.153629
7.25 ; 0.0619843 ; 0.15174
7.3 ; 0.0604744 ; 0.149861
7.35 ; 0.0589905 ; 0.147993
7.4 ; 0.0575326 ; 0.146135
7.45 ; 0.0561003 ; 0.144288
7.5 ; 0.0546935 ; 0.142452
7.55 ; 0.053312 ; 0.140627
7.6 ; 0.0519554 ; 0.138813
7.65 ; 0.0506236 ; 0.137011
7.7 ; 0.0493164 ; 0.13522
7.75 ; 0.0480335 ; 0.13344
7.8 ; 0.0467747 ; 0.131673
7.85 ; 0.0455398 ; 0.129917
7.9 ; 0.0443286 ; 0.128173
7.95 ; 0.0431407 ; 0.126442
8 ; 0.0419761 ; 0.124723
8.05 ; 0.0408345 ; 0.123016
8.1 ; 0.0397157 ; 0.121322
8.15 ; 0.0386193 ; 0.11964
8.2 ; 0.0375453 ; 0.117971
8.25 ; 0.0364933 ; 0.116315
8.3 ; 0.0354632 ; 0.114672
8.35 ; 0.0344547 ; 0.113041
8.4 ; 0.0334676 ; 0.111424
8.45 ; 0.0325016 ; 0.109821
8.5 ; 0.0315566 ; 0.10823
8.55 ; 0.0306322 ; 0.106653
8.6 ; 0.0297282 ; 0.10509
8.65 ; 0.0288444 ; 0.10354
8.7 ; 0.0279806 ; 0.102003
8.75 ; 0.0271365 ; 0.100481
8.8 ; 0.0263119 ; 0.0989717
8.85 ; 0.0255065 ; 0.0974766
8.9 ; 0.02472 ; 0.0959955
8.95 ; 0.0239523 ; 0.0945284
9 ; 0.023203 ; 0.0930752
9.05 ; 0.022472 ; 0.0916362
9.1 ; 0.0217589 ; 0.0902113
9.15 ; 0.0210635 ; 0.0888006
9.2 ; 0.0203856 ; 0.087404
9.25 ; 0.0197248 ; 0.0860218
9.3 ; 0.019081 ; 0.0846538
9.35 ; 0.0184539 ; 0.0833002
9.4 ; 0.0178431 ; 0.0819609
9.45 ; 0.0172486 ; 0.080636
9.5 ; 0.0166699 ; 0.0793255
9.55 ; 0.0161068 ; 0.0780294
9.6 ; 0.015559 ; 0.0767478
9.65 ; 0.0150264 ; 0.0754806
9.7 ; 0.0145085 ; 0.0742278
9.75 ; 0.0140052 ; 0.0729895
9.8 ; 0.0135162 ; 0.0717657
9.85 ; 0.0130412 ; 0.0705563
9.9 ; 0.01258 ; 0.0693613
9.95 ; 0.0121322 ; 0.0681808
10 ; 0.0116977 ; 0.0670147
10.05 ; 0.0112761 ; 0.065863
10.1 ; 0.0108672 ; 0.0647256
10.15 ; 0.0104707 ; 0.0636026
10.2 ; 0.0100863 ; 0.062494
10.25 ; 0.00971386 ; 0.0613996
10.3 ; 0.00935303 ; 0.0603194
10.35 ; 0.00900356 ; 0.0592535
10.4 ; 0.0086652 ; 0.0582017
10.45 ; 0.00833769 ; 0.057164
10.5 ; 0.00802077 ; 0.0561404
10.55 ; 0.0077142 ; 0.0551308
10.6 ; 0.00741772 ; 0.0541352
10.65 ; 0.00713108 ; 0.0531534
10.7 ; 0.00685403 ; 0.0521855
10.75 ; 0.00658633 ; 0.0512313
10.8 ; 0.00632775 ; 0.0502909
10.85 ; 0.00607803 ; 0.049364
10.9 ; 0.00583694 ; 0.0484506
10.95 ; 0.00560426 ; 0.0475507
11 ; 0.00537975 ; 0.0466642
11.05 ; 0.00516318 ; 0.045791
11.1 ; 0.00495433 ; 0.0449309
11.15 ; 0.00475299 ; 0.044084
11.2 ; 0.00455893 ; 0.0432501
11.25 ; 0.00437193 ; 0.042429
11.3 ; 0.00419181 ; 0.0416208
11.35 ; 0.00401833 ; 0.0408253
11.4 ; 0.00385131 ; 0.0400424
11.45 ; 0.00369055 ; 0.039272
11.5 ; 0.00353585 ; 0.038514
11.55 ; 0.00338702 ; 0.0377683
11.6 ; 0.00324387 ; 0.0370347
11.65 ; 0.00310623 ; 0.0363132
11.7 ; 0.00297391 ; 0.0356036
11.75 ; 0.00284674 ; 0.0349059
11.8 ; 0.00272454 ; 0.0342198
11.85 ; 0.00260716 ; 0.0335453
11.9 ; 0.00249442 ; 0.0328823
11.95 ; 0.00238617 ; 0.0322306
12 ; 0.00228226 ; 0.0315901
12.05 ; 0.00218253 ; 0.0309606
12.1 ; 0.00208683 ; 0.0303422
12.15 ; 0.00199503 ; 0.0297345
12.2 ; 0.00190699 ; 0.0291376
12.25 ; 0.00182256 ; 0.0285512
12.3 ; 0.00174162 ; 0.0279752
12.35 ; 0.00166403 ; 0.0274096
12.4 ; 0.00158969 ; 0.0268541
12.45 ; 0.00151845 ; 0.0263087
12.5 ; 0.00145022 ; 0.0257732
12.55 ; 0.00138486 ; 0.0252474
12.6 ; 0.00132228 ; 0.0247313
12.65 ; 0.00126237 ; 0.0242248
12.7 ; 0.00120503 ; 0.0237276
12.75 ; 0.00115014 ; 0.0232396
12.8 ; 0.00109763 ; 0.0227608
12.85 ; 0.00104739 ; 0.0222909
12.9 ; 0.000999335 ; 0.0218299
12.95 ; 0.000953377 ; 0.0213777
13 ; 0.000909432 ; 0.020934
13.05 ; 0.000867418 ; 0.0204988
13.1 ; 0.000827258 ; 0.0200719
13.15 ; 0.000788875 ; 0.0196533
13.2 ; 0.000752197 ; 0.0192427
13.25 ; 0.000717152 ; 0.01884
13.3 ; 0.000683673 ; 0.0184452
13.35 ; 0.000651696 ; 0.0180581
13.4 ; 0.000621156 ; 0.0176786
13.45 ; 0.000591993 ; 0.0173065
13.5 ; 0.000564149 ; 0.0169417
13.55 ; 0.000537567 ; 0.0165842
13.6 ; 0.000512195 ; 0.0162337
13.65 ; 0.000487979 ; 0.0158902
13.7 ; 0.00046487 ; 0.0155535
13.75 ; 0.00044282 ; 0.0152236
13.8 ; 0.000421784 ; 0.0149003
13.85 ; 0.000401716 ; 0.0145835
13.9 ; 0.000382574 ; 0.014273
13.95 ; 0.000364319 ; 0.0139689
14 ; 0.000346909 ; 0.0136709
14.05 ; 0.000330309 ; 0.0133789
14.1 ; 0.000314482 ; 0.0130929
14.15 ; 0.000299394 ; 0.0128127
14.2 ; 0.000285011 ; 0.0125383
14.25 ; 0.000271302 ; 0.0122695
14.3 ; 0.000258237 ; 0.0120062
14.35 ; 0.000245786 ; 0.0117483
14.4 ; 0.000233922 ; 0.0114957
14.45 ; 0.000222618 ; 0.0112483
14.5 ; 0.000211848 ; 0.0110061
14.55 ; 0.000201589 ; 0.0107689
14.6 ; 0.000191816 ; 0.0105366
14.65 ; 0.000182508 ; 0.0103092
14.7 ; 0.000173642 ; 0.0100865
14.75 ; 0.000165199 ; 0.00986843
14.8 ; 0.00015716 ; 0.00965495
14.85 ; 0.000149504 ; 0.00944593
14.9 ; 0.000142215 ; 0.00924131
14.95 ; 0.000135276 ; 0.00904098
15 ; 0.000128669 ; 0.00884487
15.05 ; 0.00012238 ; 0.0086529
15.1 ; 0.000116394 ; 0.00846497
15.15 ; 0.000110696 ; 0.00828103
15.2 ; 0.000105273 ; 0.00810097
15.25 ; 0.000100112 ; 0.00792473
15.3 ; 9.52005e-05 ; 0.00775224
15.35 ; 9.05266e-05 ; 0.0075834
15.4 ; 8.60793e-05 ; 0.00741816
15.45 ; 8.18476e-05 ; 0.00725644
15.5 ; 7.78214e-05 ; 0.00709817
15.55 ; 7.39909e-05 ; 0.00694328
15.6 ; 7.03467e-05 ; 0.00679169
15.65 ; 6.688e-05 ; 0.00664335
15.7 ; 6.35823e-05 ; 0.00649819
15.75 ; 6.04454e-05 ; 0.00635614
15.8 ; 5.74616e-05 ; 0.00621713
15.85 ; 5.46237e-05 ; 0.00608111
15.9 ; 5.19245e-05 ; 0.00594802
15.95 ; 4.93574e-05 ; 0.00581778
16 ; 4.69161e-05 ; 0.00569036
16.05 ; 4.45944e-05 ; 0.00556568
16.1 ; 4.23866e-05 ; 0.00544368
16.15 ; 4.02872e-05 ; 0.00532433
16.2 ; 3.82909e-05 ; 0.00520755
16.25 ; 3.63927e-05 ; 0.00509329
16.3 ; 3.45879e-05 ; 0.00498151
16.35 ; 3.28719e-05 ; 0.00487214
16.4 ; 3.12404e-05 ; 0.00476515
16.45 ; 2.96894e-05 ; 0.00466048
16.5 ; 2.82147e-05 ; 0.00455807
16.55 ; 2.68128e-05 ; 0.00445789
16.6 ; 2.54802e-05 ; 0.00435989
16.65 ; 2.42133e-05 ; 0.00426401
16.7 ; 2.3009e-05 ; 0.00417022
16.75 ; 2.18643e-05 ; 0.00407847
16.8 ; 2.07761e-05 ; 0.00398872
16.85 ; 1.97419e-05 ; 0.00390092
16.9 ; 1.87588e-05 ; 0.00381504
16.95 ; 1.78244e-05 ; 0.00373103
17 ; 1.69363e-05 ; 0.00364885
17.05 ; 1.60922e-05 ; 0.00356847
17.1 ; 1.529e-05 ; 0.00348984
17.15 ; 1.45276e-05 ; 0.00341293
17.2 ; 1.3803e-05 ; 0.0033377
17.25 ; 1.31144e-05 ; 0.00326411
17.3 ; 1.246e-05 ; 0.00319213
17.35 ; 1.18381e-05 ; 0.00312173
17.4 ; 1.12472e-05 ; 0.00305287
17.45 ; 1.06856e-05 ; 0.00298552
17.5 ; 1.01519e-05 ; 0.00291965
17.55 ; 9.6448e-06 ; 0.00285521
17.6 ; 9.16293e-06 ; 0.00279219
17.65 ; 8.70504e-06 ; 0.00273055
17.7 ; 8.26996e-06 ; 0.00267027
17.75 ; 7.85654e-06 ; 0.0026113
17.8 ; 7.46373e-06 ; 0.00255364
17.85 ; 7.09049e-06 ; 0.00249723
17.9 ; 6.73586e-06 ; 0.00244207
17.95 ; 6.39891e-06 ; 0.00238812
18 ; 6.07876e-06 ; 0.00233535
18.05 ; 5.77459e-06 ; 0.00228375
18.1 ; 5.4856e-06 ; 0.00223327
18.15 ; 5.21103e-06 ; 0.00218391
18.2 ; 4.95016e-06 ; 0.00213564
18.25 ; 4.70232e-06 ; 0.00208842
18.3 ; 4.46686e-06 ; 0.00204225
18.35 ; 4.24316e-06 ; 0.00199709
18.4 ; 4.03064e-06 ; 0.00195293
18.45 ; 3.82874e-06 ; 0.00190974
18.5 ; 3.63693e-06 ; 0.0018675
18.55 ; 3.45471e-06 ; 0.00182619
18.6 ; 3.2816e-06 ; 0.00178579
18.65 ; 3.11714e-06 ; 0.00174629
18.7 ; 2.96091e-06 ; 0.00170765
18.75 ; 2.8125e-06 ; 0.00166987
18.8 ; 2.67151e-06 ; 0.00163291
18.85 ; 2.53758e-06 ; 0.00159678
18.9 ; 2.41034e-06 ; 0.00156144
18.95 ; 2.28948e-06 ; 0.00152688
19 ; 2.17467e-06 ; 0.00149308
19.05 ; 2.06561e-06 ; 0.00146003
19.1 ; 1.962e-06 ; 0.00142771
19.15 ; 1.86359e-06 ; 0.0013961
19.2 ; 1.7701e-06 ; 0.00136519
19.25 ; 1.6813e-06 ; 0.00133496
19.3 ; 1.59695e-06 ; 0.00130541
19.35 ; 1.51682e-06 ; 0.0012765
19.4 ; 1.44071e-06 ; 0.00124823
19.45 ; 1.36841e-06 ; 0.00122059
19.5 ; 1.29974e-06 ; 0.00119355
19.55 ; 1.23451e-06 ; 0.00116712
19.6 ; 1.17255e-06 ; 0.00114127
19.65 ; 1.11369e-06 ; 0.00111599
19.7 ; 1.05779e-06 ; 0.00109127
19.75 ; 1.00469e-06 ; 0.00106709
19.8 ; 9.54247e-07 ; 0.00104345
19.85 ; 9.06339e-07 ; 0.00102034
19.9 ; 8.60833e-07 ; 0.000997733
19.95 ; 8.1761e-07 ; 0.000975627
20 ; 7.76555e-07 ; 0.00095401
20.05 ; 7.3756e-07 ; 0.000932872
20.1 ; 7.00521e-07 ; 0.000912201
20.15 ; 6.65341e-07 ; 0.000891988
20.2 ; 6.31926e-07 ; 0.000872221
20.25 ; 6.00188e-07 ; 0.000852893
20.3 ; 5.70043e-07 ; 0.000833992
20.35 ; 5.4141e-07 ; 0.000815509
20.4 ; 5.14215e-07 ; 0.000797435
20.45 ; 4.88385e-07 ; 0.000779761
20.5 ; 4.63851e-07 ; 0.000762479
20.55 ; 4.40549e-07 ; 0.000745579
20.6 ; 4.18417e-07 ; 0.000729054
20.65 ; 3.97396e-07 ; 0.000712894
20.7 ; 3.77431e-07 ; 0.000697092
20.75 ; 3.58467e-07 ; 0.00068164
20.8 ; 3.40457e-07 ; 0.00066653
20.85 ; 3.2335e-07 ; 0.000651754
20.9 ; 3.07103e-07 ; 0.000637306
20.95 ; 2.91671e-07 ; 0.000623178
21 ; 2.77015e-07 ; 0.000609363
21.05 ; 2.63095e-07 ; 0.000595853
21.1 ; 2.49873e-07 ; 0.000582643
21.15 ; 2.37316e-07 ; 0.000569726
21.2 ; 2.2539e-07 ; 0.000557095
21.25 ; 2.14063e-07 ; 0.000544743
21.3 ; 2.03305e-07 ; 0.000532666
21.35 ; 1.93087e-07 ; 0.000520855
21.4 ; 1.83382e-07 ; 0.000509307
21.45 ; 1.74165e-07 ; 0.000498014
21.5 ; 1.65412e-07 ; 0.000486972
21.55 ; 1.57098e-07 ; 0.000476174
21.6 ; 1.49201e-07 ; 0.000465615
21.65 ; 1.41702e-07 ; 0.000455291
21.7 ; 1.34579e-07 ; 0.000445195
21.75 ; 1.27814e-07 ; 0.000435323
21.8 ; 1.21389e-07 ; 0.00042567
21.85 ; 1.15287e-07 ; 0.000416231
21.9 ; 1.09492e-07 ; 0.000407001
21.95 ; 1.03988e-07 ; 0.000397975
22 ; 9.87604e-08 ; 0.00038915
22.05 ; 9.37956e-08 ; 0.00038052
22.1 ; 8.90803e-08 ; 0.000372081
22.15 ; 8.4602e-08 ; 0.00036383
22.2 ; 8.03488e-08 ; 0.000355761
22.25 ; 7.63094e-08 ; 0.000347871
22.3 ; 7.24729e-08 ; 0.000340156
22.35 ; 6.88293e-08 ; 0.000332613
22.4 ; 6.53689e-08 ; 0.000325236
22.45 ; 6.20824e-08 ; 0.000318023
22.5 ; 5.89611e-08 ; 0.00031097
22.55 ; 5.59967e-08 ; 0.000304073
22.6 ; 5.31813e-08 ; 0.000297329
22.65 ; 5.05074e-08 ; 0.000290735
22.7 ; 4.79679e-08 ; 0.000284287
22.75 ; 4.55561e-08 ; 0.000277981
22.8 ; 4.32655e-08 ; 0.000271816
22.85 ; 4.10901e-08 ; 0.000265787
22.9 ; 3.90241e-08 ; 0.000259892
22.95 ; 3.70619e-08 ; 0.000254128
23 ; 3.51983e-08 ; 0.000248491
23.05 ; 3.34285e-08 ; 0.00024298
23.1 ; 3.17476e-08 ; 0.000237591
23.15 ; 3.01513e-08 ; 0.000232321
23.2 ; 2.86351e-08 ; 0.000227168
23.25 ; 2.71953e-08 ; 0.000222129
23.3 ; 2.58278e-08 ; 0.000217202
23.35 ; 2.4529e-08 ; 0.000212384
23.4 ; 2.32956e-08 ; 0.000207674
23.45 ; 2.21242e-08 ; 0.000203067
23.5 ; 2.10116e-08 ; 0.000198563
23.55 ; 1.99551e-08 ; 0.000194159
23.6 ; 1.89516e-08 ; 0.000189852
23.65 ; 1.79986e-08 ; 0.000185641
23.7 ; 1.70935e-08 ; 0.000181523
23.75 ; 1.62339e-08 ; 0.000177497
23.8 ; 1.54176e-08 ; 0.000173559
23.85 ; 1.46422e-08 ; 0.00016971
23.9 ; 1.39059e-08 ; 0.000165945
23.95 ; 1.32066e-08 ; 0.000162264
24 ; 1.25425e-08 ; 0.000158665
24.05 ; 1.19117e-08 ; 0.000155145
24.1 ; 1.13127e-08 ; 0.000151704
24.15 ; 1.07438e-08 ; 0.000148339
24.2 ; 1.02035e-08 ; 0.000145048
24.25 ; 9.69038e-09 ; 0.000141831
24.3 ; 9.20306e-09 ; 0.000138685
24.35 ; 8.74024e-09 ; 0.000135608
24.4 ; 8.30069e-09 ; 0.0001326
24.45 ; 7.88325e-09 ; 0.000129659
24.5 ; 7.4868e-09 ; 0.000126782
24.55 ; 7.11028e-09 ; 0.00012397
24.6 ; 6.7527e-09 ; 0.00012122
24.65 ; 6.4131e-09 ; 0.000118531
24.7 ; 6.09058e-09 ; 0.000115902
24.75 ; 5.78428e-09 ; 0.000113331
24.8 ; 5.49338e-09 ; 0.000110817
24.85 ; 5.21711e-09 ; 0.000108358
24.9 ; 4.95473e-09 ; 0.000105955
24.95 ; 4.70555e-09 ; 0.000103604
25 ; 4.4689e-09 ; 0.000101306
25.05 ; 4.24415e-09 ; 9.90587e-05
25.1 ; 4.0307e-09 ; 9.68613e-05
25.15 ; 3.82799e-09 ; 9.47126e-05
25.2 ; 3.63547e-09 ; 9.26116e-05
25.25 ; 3.45264e-09 ; 9.05571e-05
25.3 ; 3.27899e-09 ; 8.85483e-05
25.35 ; 3.11408e-09 ; 8.6584e-05
25.4 ; 2.95747e-09 ; 8.46632e-05
25.45 ; 2.80873e-09 ; 8.27851e-05
25.5 ; 2.66747e-09 ; 8.09486e-05
25.55 ; 2.53331e-09 ; 7.91529e-05
25.6 ; 2.40591e-09 ; 7.7397e-05
25.65 ; 2.28491e-09 ; 7.56801e-05
25.7 ; 2.16999e-09 ; 7.40012e-05
25.75 ; 2.06085e-09 ; 7.23596e-05
25.8 ; 1.95721e-09 ; 7.07544e-05
25.85 ; 1.85877e-09 ; 6.91848e-05
25.9 ; 1.76529e-09 ; 6.765e-05
25.95 ; 1.6765e-09 ; 6.61493e-05
26 ; 1.59219e-09 ; 6.46818e-05
26.05 ; 1.51211e-09 ; 6.32469e-05
26.1 ; 1.43606e-09 ; 6.18439e-05
26.15 ; 1.36383e-09 ; 6.04719e-05
26.2 ; 1.29524e-09 ; 5.91304e-05
26.25 ; 1.2301e-09 ; 5.78187e-05
26.3 ; 1.16823e-09 ; 5.6536e-05
26.35 ; 1.10948e-09 ; 5.52818e-05
26.4 ; 1.05368e-09 ; 5.40555e-05
26.45 ; 1.00068e-09 ; 5.28563e-05
26.5 ; 9.50352e-10 ; 5.16837e-05
26.55 ; 9.02555e-10 ; 5.05372e-05
26.6 ; 8.57161e-10 ; 4.94161e-05
26.65 ; 8.14051e-10 ; 4.83198e-05
26.7 ; 7.73108e-10 ; 4.72479e-05
26.75 ; 7.34225e-10 ; 4.61997e-05
26.8 ; 6.97297e-10 ; 4.51748e-05
26.85 ; 6.62227e-10 ; 4.41727e-05
26.9 ; 6.2892e-10 ; 4.31927e-05
26.95 ; 5.97289e-10 ; 4.22345e-05
27 ; 5.67248e-10 ; 4.12976e-05
27.05 ; 5.38718e-10 ; 4.03814e-05
27.1 ; 5.11624e-10 ; 3.94856e-05
27.15 ; 4.85891e-10 ; 3.86096e-05
27.2 ; 4.61453e-10 ; 3.77531e-05
27.25 ; 4.38245e-10 ; 3.69156e-05
27.3 ; 4.16203e-10 ; 3.60966e-05
27.35 ; 3.9527e-10 ; 3.52959e-05
27.4 ; 3.7539e-10 ; 3.45129e-05
27.45 ; 3.56509e-10 ; 3.37472e-05
27.5 ; 3.38579e-10 ; 3.29985e-05
27.55 ; 3.2155e-10 ; 3.22665e-05
27.6 ; 3.05377e-10 ; 3.15507e-05
27.65 ; 2.90018e-10 ; 3.08508e-05
27.7 ; 2.75432e-10 ; 3.01664e-05
27.75 ; 2.61579e-10 ; 2.94971e-05
27.8 ; 2.48422e-10 ; 2.88428e-05
27.85 ; 2.35928e-10 ; 2.82029e-05
27.9 ; 2.24062e-10 ; 2.75772e-05
27.95 ; 2.12793e-10 ; 2.69654e-05
28 ; 2.0209e-10 ; 2.63672e-05
28.05 ; 1.91926e-10 ; 2.57823e-05
28.1 ; 1.82273e-10 ; 2.52103e-05
28.15 ; 1.73105e-10 ; 2.46511e-05
28.2 ; 1.64399e-10 ; 2.41042e-05
28.25 ; 1.5613e-10 ; 2.35694e-05
28.3 ; 1.48278e-10 ; 2.30466e-05
28.35 ; 1.4082e-10 ; 2.25353e-05
28.4 ; 1.33737e-10 ; 2.20354e-05
28.45 ; 1.27011e-10 ; 2.15465e-05
28.5 ; 1.20623e-10 ; 2.10685e-05
28.55 ; 1.14556e-10 ; 2.06011e-05
28.6 ; 1.08794e-10 ; 2.01441e-05
28.65 ; 1.03322e-10 ; 1.96972e-05
28.7 ; 9.81256e-11 ; 1.92602e-05
28.75 ; 9.31903e-11 ; 1.8833e-05
28.8 ; 8.85032e-11 ; 1.84152e-05
28.85 ; 8.40519e-11 ; 1.80066e-05
28.9 ; 7.98244e-11 ; 1.76072e-05
28.95 ; 7.58096e-11 ; 1.72166e-05
29 ; 7.19967e-11 ; 1.68346e-05
29.05 ; 6.83755e-11 ; 1.64611e-05
29.1 ; 6.49365e-11 ; 1.6096e-05
29.15 ; 6.16705e-11 ; 1.57389e-05
29.2 ; 5.85687e-11 ; 1.53897e-05
29.25 ; 5.56229e-11 ; 1.50483e-05
29.3 ; 5.28253e-11 ; 1.47145e-05
29.35 ; 5.01684e-11 ; 1.4388e-05
29.4 ; 4.76451e-11 ; 1.40688e-05
29.45 ; 4.52488e-11 ; 1.37567e-05
29.5 ; 4.29729e-11 ; 1.34515e-05
29.55 ; 4.08116e-11 ; 1.31531e-05
29.6 ; 3.87589e-11 ; 1.28613e-05
29.65 ; 3.68095e-11 ; 1.2576e-05
29.7 ; 3.49581e-11 ; 1.2297e-05
29.75 ; 3.31999e-11 ; 1.20242e-05
29.8 ; 3.153e-11 ; 1.17575e-05
29.85 ; 2.99442e-11 ; 1.14966e-05
29.9 ; 2.84381e-11 ; 1.12416e-05
29.95 ; 2.70078e-11 ; 1.09922e-05
30 ; 2.56494e-11 ; 1.07483e-05
30.05 ; 2.43593e-11 ; 1.05099e-05
30.1 ; 2.31342e-11 ; 1.02767e-05
30.15 ; 2.19706e-11 ; 1.00487e-05
30.2 ; 2.08656e-11 ; 9.82581e-06
30.25 ; 1.98161e-11 ; 9.60783e-06
30.3 ; 1.88194e-11 ; 9.39468e-06
30.35 ; 1.78729e-11 ; 9.18627e-06
30.4 ; 1.6974e-11 ; 8.98247e-06
30.45 ; 1.61202e-11 ; 8.7832e-06
30.5 ; 1.53094e-11 ; 8.58835e-06
30.55 ; 1.45394e-11 ; 8.39782e-06
30.6 ; 1.38082e-11 ; 8.21152e-06
30.65 ; 1.31137e-11 ; 8.02935e-06
30.7 ; 1.24541e-11 ; 7.85122e-06
30.75 ; 1.18277e-11 ; 7.67704e-06
30.8 ; 1.12328e-11 ; 7.50673e-06
30.85 ; 1.06678e-11 ; 7.3402e-06
30.9 ; 1.01313e-11 ; 7.17736e-06
30.95 ; 9.62173e-12 ; 7.01813e-06
31 ; 9.13779e-12 ; 6.86244e-06
31.05 ; 8.6782e-12 ; 6.71019e-06
31.1 ; 8.24172e-12 ; 6.56133e-06
31.15 ; 7.82719e-12 ; 6.41577e-06
31.2 ; 7.43351e-12 ; 6.27344e-06
31.25 ; 7.05963e-12 ; 6.13427e-06
31.3 ; 6.70456e-12 ; 5.99818e-06
31.35 ; 6.36735e-12 ; 5.86511e-06
31.4 ; 6.04709e-12 ; 5.735e-06
31.45 ; 5.74295e-12 ; 5.60777e-06
31.5 ; 5.4541e-12 ; 5.48336e-06
31.55 ; 5.17978e-12 ; 5.36171e-06
31.6 ; 4.91925e-12 ; 5.24277e-06
31.65 ; 4.67183e-12 ; 5.12646e-06
31.7 ; 4.43686e-12 ; 5.01273e-06
31.75 ; 4.2137e-12 ; 4.90152e-06
31.8 ; 4.00177e-12 ; 4.79279e-06
31.85 ; 3.80049e-12 ; 4.68646e-06
31.9 ; 3.60934e-12 ; 4.58249e-06
31.95 ; 3.42781e-12 ; 4.48083e-06
32 ; 3.2554e-12 ; 4.38142e-06
32.05 ; 3.09167e-12 ; 4.28422e-06
32.1 ; 2.93617e-12 ; 4.18918e-06
32.15 ; 2.78849e-12 ; 4.09624e-06
32.2 ; 2.64824e-12 ; 4.00537e-06
32.25 ; 2.51504e-12 ; 3.91651e-06
32.3 ; 2.38854e-12 ; 3.82963e-06
32.35 ; 2.26841e-12 ; 3.74467e-06
32.4 ; 2.15432e-12 ; 3.66159e-06
32.45 ; 2.04596e-12 ; 3.58036e-06
32.5 ; 1.94306e-12 ; 3.50093e-06
32.55 ; 1.84533e-12 ; 3.42327e-06
32.6 ; 1.75252e-12 ; 3.34732e-06
32.65 ; 1.66437e-12 ; 3.27306e-06
32.7 ; 1.58066e-12 ; 3.20045e-06
32.75 ; 1.50116e-12 ; 3.12945e-06
32.8 ; 1.42566e-12 ; 3.06002e-06
32.85 ; 1.35395e-12 ; 2.99214e-06
32.9 ; 1.28585e-12 ; 2.92576e-06
32.95 ; 1.22118e-12 ; 2.86085e-06
33 ; 1.15976e-12 ; 2.79739e-06
33.05 ; 1.10143e-12 ; 2.73533e-06
33.1 ; 1.04603e-12 ; 2.67464e-06
33.15 ; 9.93417e-13 ; 2.61531e-06
33.2 ; 9.43451e-13 ; 2.55729e-06
33.25 ; 8.95999e-13 ; 2.50056e-06
33.3 ; 8.50934e-13 ; 2.44508e-06
33.35 ; 8.08135e-13 ; 2.39084e-06
33.4 ; 7.67489e-13 ; 2.3378e-06
33.45 ; 7.28887e-13 ; 2.28594e-06
33.5 ; 6.92227e-13 ; 2.23522e-06
33.55 ; 6.5741e-13 ; 2.18563e-06
33.6 ; 6.24345e-13 ; 2.13715e-06
33.65 ; 5.92943e-13 ; 2.08974e-06
33.7 ; 5.6312e-13 ; 2.04338e-06
33.75 ; 5.34797e-13 ; 1.99804e-06
33.8 ; 5.07899e-13 ; 1.95372e-06
33.85 ; 4.82353e-13 ; 1.91038e-06
33.9 ; 4.58093e-13 ; 1.86799e-06
33.95 ; 4.35052e-13 ; 1.82655e-06
34 ; 4.13171e-13 ; 1.78603e-06
34.05 ; 3.9239e-13 ; 1.74641e-06
34.1 ; 3.72654e-13 ; 1.70767e-06
34.15 ; 3.53911e-13 ; 1.66978e-06
34.2 ; 3.3611e-13 ; 1.63274e-06
34.25 ; 3.19205e-13 ; 1.59652e-06
34.3 ; 3.0315e-13 ; 1.5611e-06
34.35 ; 2.87903e-13 ; 1.52647e-06
34.4 ; 2.73423e-13 ; 1.4926e-06
34.45 ; 2.5967e-13 ; 1.45949e-06
34.5 ; 2.4661e-13 ; 1.42711e-06
34.55 ; 2.34206e-13 ; 1.39545e-06
34.6 ; 2.22427e-13 ; 1.36449e-06
34.65 ; 2.11239e-13 ; 1.33422e-06
34.7 ; 2.00615e-13 ; 1.30462e-06
34.75 ; 1.90525e-13 ; 1.27568e-06
34.8 ; 1.80942e-13 ; 1.24738e-06
34.85 ; 1.71841e-13 ; 1.21971e-06
34.9 ; 1.63198e-13 ; 1.19265e-06
34.95 ; 1.5499e-13 ; 1.16619e-06
35 ; 1.47195e-13 ; 1.14032e-06
35.05 ; 1.39791e-13 ; 1.11502e-06
35.1 ; 1.3276e-13 ; 1.09028e-06
35.15 ; 1.26083e-13 ; 1.0661e-06
35.2 ; 1.19741e-13 ; 1.04245e-06
35.25 ; 1.13719e-13 ; 1.01932e-06
35.3 ; 1.07999e-13 ; 9.96706e-07
35.35 ; 1.02567e-13 ; 9.74595e-07
35.4 ; 9.74085e-14 ; 9.52973e-07
35.45 ; 9.25092e-14 ; 9.31832e-07
35.5 ; 8.78563e-14 ; 9.1116e-07
35.55 ; 8.34374e-14 ; 8.90946e-07
35.6 ; 7.92408e-14 ; 8.71181e-07
35.65 ; 7.52553e-14 ; 8.51854e-07
35.7 ; 7.14703e-14 ; 8.32956e-07
35.75 ; 6.78756e-14 ; 8.14477e-07
35.8 ; 6.44617e-14 ; 7.96408e-07
35.85 ; 6.12195e-14 ; 7.7874e-07
35.9 ; 5.81404e-14 ; 7.61464e-07
35.95 ; 5.52161e-14 ; 7.44571e-07
36 ; 5.24389e-14 ; 7.28053e-07
36.05 ; 4.98015e-14 ; 7.11901e-07
36.1 ; 4.72966e-14 ; 6.96108e-07
36.15 ; 4.49178e-14 ; 6.80665e-07
36.2 ; 4.26586e-14 ; 6.65565e-07
36.25 ; 4.0513e-14 ; 6.50799e-07
36.3 ; 3.84754e-14 ; 6.36362e-07
36.35 ; 3.65402e-14 ; 6.22244e-07
36.4 ; 3.47023e-14 ; 6.0844e-07
36.45 ; 3.29569e-14 ; 5.94942e-07
36.5 ; 3.12993e-14 ; 5.81743e-07
36.55 ; 2.97251e-14 ; 5.68837e-07
36.6 ; 2.823e-14 ; 5.56218e-07
36.65 ; 2.68102e-14 ; 5.43878e-07
36.7 ; 2.54617e-14 ; 5.31813e-07
36.75 ; 2.41811e-14 ; 5.20015e-07
36.8 ; 2.29649e-14 ; 5.08478e-07
36.85 ; 2.18098e-14 ; 4.97198e-07
36.9 ; 2.07129e-14 ; 4.86168e-07
36.95 ; 1.96711e-14 ; 4.75382e-07
37 ; 1.86817e-14 ; 4.64836e-07
37.05 ; 1.77421e-14 ; 4.54524e-07
37.1 ; 1.68497e-14 ; 4.4444e-07
37.15 ; 1.60022e-14 ; 4.3458e-07
37.2 ; 1.51974e-14 ; 4.24939e-07
37.25 ; 1.4433e-14 ; 4.15512e-07
37.3 ; 1.37071e-14 ; 4.06294e-07
37.35 ; 1.30177e-14 ; 3.97281e-07
37.4 ; 1.23629e-14 ; 3.88467e-07
37.45 ; 1.17411e-14 ; 3.79849e-07
37.5 ; 1.11506e-14 ; 3.71422e-07
37.55 ; 1.05897e-14 ; 3.63183e-07
37.6 ; 1.00571e-14 ; 3.55125e-07
37.65 ; 9.55128e-15 ; 3.47247e-07
37.7 ; 9.07089e-15 ; 3.39544e-07
37.75 ; 8.61465e-15 ; 3.32011e-07
37.8 ; 8.18137e-15 ; 3.24645e-07
37.85 ; 7.76987e-15 ; 3.17443e-07
37.9 ; 7.37908e-15 ; 3.10401e-07
37.95 ; 7.00794e-15 ; 3.03515e-07
38 ; 6.65546e-15 ; 2.96781e-07
38.05 ; 6.32072e-15 ; 2.90197e-07
38.1 ; 6.00281e-15 ; 2.83759e-07
38.15 ; 5.70089e-15 ; 2.77464e-07
38.2 ; 5.41416e-15 ; 2.71309e-07
38.25 ; 5.14184e-15 ; 2.6529e-07
38.3 ; 4.88323e-15 ; 2.59405e-07
38.35 ; 4.63762e-15 ; 2.5365e-07
38.4 ; 4.40436e-15 ; 2.48023e-07
38.45 ; 4.18284e-15 ; 2.4252e-07
38.5 ; 3.97246e-15 ; 2.3714e-07
38.55 ; 3.77266e-15 ; 2.31879e-07
38.6 ; 3.58291e-15 ; 2.26735e-07
38.65 ; 3.4027e-15 ; 2.21705e-07
38.7 ; 3.23156e-15 ; 2.16787e-07
38.75 ; 3.06902e-15 ; 2.11977e-07
38.8 ; 2.91466e-15 ; 2.07275e-07
38.85 ; 2.76806e-15 ; 2.02676e-07
38.9 ; 2.62884e-15 ; 1.9818e-07
38.95 ; 2.49662e-15 ; 1.93783e-07
39 ; 2.37105e-15 ; 1.89484e-07
39.05 ; 2.25179e-15 ; 1.85281e-07
39.1 ; 2.13854e-15 ; 1.8117e-07
39.15 ; 2.03098e-15 ; 1.77151e-07
39.2 ; 1.92883e-15 ; 1.73221e-07
39.25 ; 1.83181e-15 ; 1.69378e-07
39.3 ; 1.73968e-15 ; 1.65621e-07
39.35 ; 1.65218e-15 ; 1.61946e-07
39.4 ; 1.56908e-15 ; 1.58354e-07
39.45 ; 1.49016e-15 ; 1.54841e-07
39.5 ; 1.41521e-15 ; 1.51406e-07
39.55 ; 1.34403e-15 ; 1.48047e-07
39.6 ; 1.27643e-15 ; 1.44762e-07
39.65 ; 1.21223e-15 ; 1.41551e-07
39.7 ; 1.15126e-15 ; 1.38411e-07
39.75 ; 1.09336e-15 ; 1.3534e-07
39.8 ; 1.03837e-15 ; 1.32337e-07
39.85 ; 9.86139e-16 ; 1.29402e-07
39.9 ; 9.3654e-16 ; 1.26531e-07
39.95 ; 8.89436e-16 ; 1.23724e-07
40 ; 8.447e-16 ; 1.20979e-07
40.05 ; 8.02215e-16 ; 1.18295e-07
40.1 ; 7.61866e-16 ; 1.15671e-07
40.15 ; 7.23547e-16 ; 1.13105e-07
40.2 ; 6.87156e-16 ; 1.10596e-07
40.25 ; 6.52594e-16 ; 1.08142e-07
40.3 ; 6.19771e-16 ; 1.05743e-07
40.35 ; 5.88599e-16 ; 1.03397e-07
40.4 ; 5.58994e-16 ; 1.01103e-07
40.45 ; 5.30879e-16 ; 9.88602e-08
40.5 ; 5.04178e-16 ; 9.66671e-08
40.55 ; 4.78819e-16 ; 9.45225e-08
40.6 ; 4.54737e-16 ; 9.24256e-08
40.65 ; 4.31865e-16 ; 9.03752e-08
40.7 ; 4.10144e-16 ; 8.83702e-08
40.75 ; 3.89515e-16 ; 8.64097e-08
40.8 ; 3.69924e-16 ; 8.44928e-08
40.85 ; 3.51318e-16 ; 8.26183e-08
40.9 ; 3.33648e-16 ; 8.07855e-08
40.95 ; 3.16867e-16 ; 7.89933e-08
41 ; 3.0093e-16 ; 7.72408e-08
41.05 ; 2.85794e-16 ; 7.55273e-08
41.1 ; 2.71419e-16 ; 7.38517e-08
41.15 ; 2.57768e-16 ; 7.22133e-08
41.2 ; 2.44803e-16 ; 7.06113e-08
41.25 ; 2.32491e-16 ; 6.90448e-08
41.3 ; 2.20797e-16 ; 6.75131e-08
41.35 ; 2.09692e-16 ; 6.60153e-08
41.4 ; 1.99145e-16 ; 6.45508e-08
41.45 ; 1.89129e-16 ; 6.31188e-08
41.5 ; 1.79616e-16 ; 6.17185e-08
41.55 ; 1.70582e-16 ; 6.03493e-08
41.6 ; 1.62003e-16 ; 5.90105e-08
41.65 ; 1.53854e-16 ; 5.77013e-08
41.7 ; 1.46116e-16 ; 5.64212e-08
41.75 ; 1.38767e-16 ; 5.51696e-08
41.8 ; 1.31788e-16 ; 5.39456e-08
41.85 ; 1.25159e-16 ; 5.27489e-08
41.9 ; 1.18864e-16 ; 5.15787e-08
41.95 ; 1.12886e-16 ; 5.04344e-08
42 ; 1.07208e-16 ; 4.93155e-08
42.05 ; 1.01816e-16 ; 4.82215e-08
42.1 ; 9.66948e-17 ; 4.71517e-08
42.15 ; 9.18314e-17 ; 4.61057e-08
42.2 ; 8.72126e-17 ; 4.50828e-08
42.25 ; 8.28261e-17 ; 4.40827e-08
42.3 ; 7.86603e-17 ; 4.31047e-08
42.35 ; 7.4704e-17 ; 4.21484e-08
42.4 ; 7.09466e-17 ; 4.12134e-08
42.45 ; 6.73783e-17 ; 4.02991e-08
42.5 ; 6.39894e-17 ; 3.94051e-08
42.55 ; 6.0771e-17 ; 3.85309e-08
42.6 ; 5.77144e-17 ; 3.76761e-08
42.65 ; 5.48116e-17 ; 3.68403e-08
42.7 ; 5.20548e-17 ; 3.6023e-08
42.75 ; 4.94366e-17 ; 3.52238e-08
42.8 ; 4.69501e-17 ; 3.44424e-08
42.85 ; 4.45887e-17 ; 3.36783e-08
42.9 ; 4.2346e-17 ; 3.29311e-08
42.95 ; 4.02162e-17 ; 3.22006e-08
43 ; 3.81935e-17 ; 3.14862e-08
43.05 ; 3.62725e-17 ; 3.07877e-08
43.1 ; 3.44481e-17 ; 3.01047e-08
43.15 ; 3.27155e-17 ; 2.94368e-08
43.2 ; 3.107e-17 ; 2.87838e-08
43.25 ; 2.95073e-17 ; 2.81452e-08
43.3 ; 2.80232e-17 ; 2.75208e-08
43.35 ; 2.66137e-17 ; 2.69103e-08
43.4 ; 2.52752e-17 ; 2.63133e-08
43.45 ; 2.40039e-17 ; 2.57295e-08
43.5 ; 2.27966e-17 ; 2.51587e-08
43.55 ; 2.165e-17 ; 2.46006e-08
43.6 ; 2.05611e-17 ; 2.40548e-08
43.65 ; 1.9527e-17 ; 2.35212e-08
43.7 ; 1.85448e-17 ; 2.29994e-08
43.75 ; 1.76121e-17 ; 2.24892e-08
43.8 ; 1.67263e-17 ; 2.19902e-08
43.85 ; 1.5885e-17 ; 2.15024e-08
43.9 ; 1.5086e-17 ; 2.10254e-08
43.95 ; 1.43273e-17 ; 2.05589e-08
44 ; 1.36067e-17 ; 2.01028e-08
44.05 ; 1.29223e-17 ; 1.96569e-08
44.1 ; 1.22723e-17 ; 1.92208e-08
44.15 ; 1.16551e-17 ; 1.87944e-08
44.2 ; 1.10689e-17 ; 1.83774e-08
44.25 ; 1.05122e-17 ; 1.79697e-08
44.3 ; 9.98343e-18 ; 1.75711e-08
44.35 ; 9.4813e-18 ; 1.71813e-08
44.4 ; 9.00443e-18 ; 1.68001e-08
44.45 ; 8.55154e-18 ; 1.64274e-08
44.5 ; 8.12143e-18 ; 1.6063e-08
44.55 ; 7.71295e-18 ; 1.57066e-08
44.6 ; 7.32501e-18 ; 1.53582e-08
44.65 ; 6.95659e-18 ; 1.50175e-08
44.7 ; 6.6067e-18 ; 1.46843e-08
44.75 ; 6.27441e-18 ; 1.43585e-08
44.8 ; 5.95883e-18 ; 1.404e-08
44.85 ; 5.65912e-18 ; 1.37285e-08
44.9 ; 5.37449e-18 ; 1.3424e-08
44.95 ; 5.10417e-18 ; 1.31261e-08
45 ; 4.84745e-18 ; 1.28349e-08
45.05 ; 4.60364e-18 ; 1.25502e-08
45.1 ; 4.37209e-18 ; 1.22718e-08
45.15 ; 4.15219e-18 ; 1.19995e-08
45.2 ; 3.94335e-18 ; 1.17333e-08
45.25 ; 3.74502e-18 ; 1.1473e-08
45.3 ; 3.55666e-18 ; 1.12185e-08
45.35 ; 3.37777e-18 ; 1.09696e-08
45.4 ; 3.20788e-18 ; 1.07263e-08
45.45 ; 3.04654e-18 ; 1.04883e-08
45.5 ; 2.89331e-18 ; 1.02556e-08
45.55 ; 2.74778e-18 ; 1.00281e-08
45.6 ; 2.60958e-18 ; 9.80565e-09
45.65 ; 2.47833e-18 ; 9.58811e-09
45.7 ; 2.35368e-18 ; 9.3754e-09
45.75 ; 2.2353e-18 ; 9.16741e-09
45.8 ; 2.12287e-18 ; 8.96404e-09
45.85 ; 2.0161e-18 ; 8.76517e-09
45.9 ; 1.91469e-18 ; 8.57072e-09
45.95 ; 1.81839e-18 ; 8.38058e-09
46 ; 1.72693e-18 ; 8.19466e-09
46.05 ; 1.64007e-18 ; 8.01286e-09
46.1 ; 1.55758e-18 ; 7.8351e-09
46.15 ; 1.47924e-18 ; 7.66128e-09
46.2 ; 1.40484e-18 ; 7.49132e-09
46.25 ; 1.33418e-18 ; 7.32513e-09
46.3 ; 1.26708e-18 ; 7.16262e-09
46.35 ; 1.20335e-18 ; 7.00372e-09
46.4 ; 1.14283e-18 ; 6.84835e-09
46.45 ; 1.08535e-18 ; 6.69642e-09
46.5 ; 1.03076e-18 ; 6.54786e-09
46.55 ; 9.78914e-19 ; 6.4026e-09
46.6 ; 9.29678e-19 ; 6.26056e-09
46.65 ; 8.82919e-19 ; 6.12167e-09
46.7 ; 8.38511e-19 ; 5.98586e-09
46.75 ; 7.96337e-19 ; 5.85307e-09
46.8 ; 7.56285e-19 ; 5.72322e-09
46.85 ; 7.18246e-19 ; 5.59625e-09
46.9 ; 6.82121e-19 ; 5.4721e-09
46.95 ; 6.47813e-19 ; 5.3507e-09
47 ; 6.1523e-19 ; 5.232e-09
47.05 ; 5.84286e-19 ; 5.11593e-09
47.1 ; 5.54899e-19 ; 5.00243e-09
47.15 ; 5.2699e-19 ; 4.89146e-09
47.2 ; 5.00484e-19 ; 4.78294e-09
47.25 ; 4.75311e-19 ; 4.67683e-09
47.3 ; 4.51405e-19 ; 4.57308e-09
47.35 ; 4.28701e-19 ; 4.47163e-09
47.4 ; 4.07139e-19 ; 4.37243e-09
47.45 ; 3.86661e-19 ; 4.27542e-09
47.5 ; 3.67214e-19 ; 4.18058e-09
47.55 ; 3.48744e-19 ; 4.08783e-09
47.6 ; 3.31204e-19 ; 3.99714e-09
47.65 ; 3.14545e-19 ; 3.90847e-09
47.7 ; 2.98725e-19 ; 3.82176e-09
47.75 ; 2.837e-19 ; 3.73698e-09
47.8 ; 2.69431e-19 ; 3.65407e-09
47.85 ; 2.55879e-19 ; 3.57301e-09
47.9 ; 2.4301e-19 ; 3.49374e-09
47.95 ; 2.30787e-19 ; 3.41623e-09
48 ; 2.19179e-19 ; 3.34045e-09
48.05 ; 2.08156e-19 ; 3.26634e-09
48.1 ; 1.97686e-19 ; 3.19388e-09
48.15 ; 1.87743e-19 ; 3.12302e-09
48.2 ; 1.783e-19 ; 3.05374e-09
48.25 ; 1.69332e-19 ; 2.98599e-09
48.3 ; 1.60816e-19 ; 2.91975e-09
48.35 ; 1.52727e-19 ; 2.85498e-09
48.4 ; 1.45046e-19 ; 2.79164e-09
48.45 ; 1.3775e-19 ; 2.72971e-09
48.5 ; 1.30822e-19 ; 2.66915e-09
48.55 ; 1.24242e-19 ; 2.60994e-09
48.6 ; 1.17993e-19 ; 2.55203e-09
48.65 ; 1.12059e-19 ; 2.49542e-09
48.7 ; 1.06422e-19 ; 2.44006e-09
48.75 ; 1.0107e-19 ; 2.38593e-09
48.8 ; 9.59864e-20 ; 2.333e-09
48.85 ; 9.11586e-20 ; 2.28124e-09
48.9 ; 8.65736e-20 ; 2.23063e-09
48.95 ; 8.22193e-20 ; 2.18114e-09
49 ; 7.8084e-20 ; 2.13276e-09
49.05 ; 7.41566e-20 ; 2.08544e-09
49.1 ; 7.04268e-20 ; 2.03918e-09
49.15 ; 6.68846e-20 ; 1.99394e-09
49.2 ; 6.35206e-20 ; 1.9497e-09
49.25 ; 6.03257e-20 ; 1.90645e-09
49.3 ; 5.72915e-20 ; 1.86416e-09
49.35 ; 5.441e-20 ; 1.8228e-09
49.4 ; 5.16734e-20 ; 1.78236e-09
49.45 ; 4.90744e-20 ; 1.74282e-09
49.5 ; 4.66061e-20 ; 1.70416e-09
49.55 ; 4.4262e-20 ; 1.66635e-09
49.6 ; 4.20358e-20 ; 1.62938e-09
49.65 ; 3.99215e-20 ; 1.59324e-09
49.7 ; 3.79136e-20 ; 1.55789e-09
49.75 ; 3.60067e-20 ; 1.52333e-09
49.8 ; 3.41957e-20 ; 1.48954e-09
49.85 ; 3.24758e-20 ; 1.45649e-09
49.9 ; 3.08424e-20 ; 1.42418e-09
49.95 ; 2.92911e-20 ; 1.39258e-09
50 ; 2.78179e-20 ; 1.36169e-09
50.05 ; 2.64187e-20 ; 1.33148e-09
50.1 ; 2.509e-20 ; 1.30194e-09
50.15 ; 2.3828e-20 ; 1.27306e-09
50.2 ; 2.26296e-20 ; 1.24482e-09
50.25 ; 2.14914e-20 ; 1.2172e-09
50.3 ; 2.04105e-20 ; 1.1902e-09
50.35 ; 1.93839e-20 ; 1.16379e-09
50.4 ; 1.84089e-20 ; 1.13798e-09
50.45 ; 1.7483e-20 ; 1.11273e-09
50.5 ; 1.66037e-20 ; 1.08804e-09
50.55 ; 1.57686e-20 ; 1.06391e-09
50.6 ; 1.49755e-20 ; 1.0403e-09
50.65 ; 1.42223e-20 ; 1.01723e-09
50.7 ; 1.3507e-20 ; 9.94658e-10
50.75 ; 1.28276e-20 ; 9.72592e-10
50.8 ; 1.21824e-20 ; 9.51015e-10
50.85 ; 1.15697e-20 ; 9.29917e-10
50.9 ; 1.09878e-20 ; 9.09288e-10
50.95 ; 1.04351e-20 ; 8.89115e-10
51 ; 9.91029e-21 ; 8.69391e-10
51.05 ; 9.41184e-21 ; 8.50103e-10
51.1 ; 8.93845e-21 ; 8.31244e-10
51.15 ; 8.48888e-21 ; 8.12803e-10
51.2 ; 8.06192e-21 ; 7.94771e-10
51.25 ; 7.65644e-21 ; 7.7714e-10
51.3 ; 7.27135e-21 ; 7.59899e-10
51.35 ; 6.90562e-21 ; 7.43041e-10
51.4 ; 6.5583e-21 ; 7.26557e-10
51.45 ; 6.22844e-21 ; 7.10438e-10
51.5 ; 5.91517e-21 ; 6.94678e-10
51.55 ; 5.61766e-21 ; 6.79266e-10
51.6 ; 5.33511e-21 ; 6.64197e-10
51.65 ; 5.06677e-21 ; 6.49462e-10
51.7 ; 4.81193e-21 ; 6.35054e-10
51.75 ; 4.56991e-21 ; 6.20966e-10
51.8 ; 4.34006e-21 ; 6.0719e-10
51.85 ; 4.12177e-21 ; 5.93719e-10
51.9 ; 3.91446e-21 ; 5.80548e-10
51.95 ; 3.71758e-21 ; 5.67669e-10
52 ; 3.5306e-21 ; 5.55075e-10
52.05 ; 3.35302e-21 ; 5.42761e-10
52.1 ; 3.18438e-21 ; 5.3072e-10
52.15 ; 3.02422e-21 ; 5.18946e-10
52.2 ; 2.87211e-21 ; 5.07433e-10
52.25 ; 2.72765e-21 ; 4.96176e-10
52.3 ; 2.59046e-21 ; 4.85169e-10
52.35 ; 2.46017e-21 ; 4.74405e-10
52.4 ; 2.33643e-21 ; 4.63881e-10
52.45 ; 2.21892e-21 ; 4.5359e-10
52.5 ; 2.10731e-21 ; 4.43527e-10
52.55 ; 2.00132e-21 ; 4.33688e-10
52.6 ; 1.90067e-21 ; 4.24066e-10
52.65 ; 1.80507e-21 ; 4.14659e-10
52.7 ; 1.71428e-21 ; 4.05459e-10
52.75 ; 1.62806e-21 ; 3.96465e-10
52.8 ; 1.54617e-21 ; 3.87669e-10
52.85 ; 1.46841e-21 ; 3.79069e-10
52.9 ; 1.39455e-21 ; 3.70659e-10
52.95 ; 1.32441e-21 ; 3.62436e-10
53 ; 1.2578e-21 ; 3.54396e-10
53.05 ; 1.19453e-21 ; 3.46534e-10
53.1 ; 1.13445e-21 ; 3.38846e-10
53.15 ; 1.07739e-21 ; 3.31329e-10
53.2 ; 1.02321e-21 ; 3.23978e-10
53.25 ; 9.71742e-22 ; 3.16791e-10
53.3 ; 9.22867e-22 ; 3.09763e-10
53.35 ; 8.7645e-22 ; 3.02891e-10
53.4 ; 8.32368e-22 ; 2.96171e-10
53.45 ; 7.90503e-22 ; 2.89601e-10
53.5 ; 7.50743e-22 ; 2.83176e-10
53.55 ; 7.12984e-22 ; 2.76894e-10
53.6 ; 6.77123e-22 ; 2.70751e-10
53.65 ; 6.43066e-22 ; 2.64745e-10
53.7 ; 6.10723e-22 ; 2.58872e-10
53.75 ; 5.80005e-22 ; 2.53129e-10
53.8 ; 5.50833e-22 ; 2.47513e-10
53.85 ; 5.23128e-22 ; 2.42022e-10
53.9 ; 4.96817e-22 ; 2.36653e-10
53.95 ; 4.71829e-22 ; 2.31403e-10
54 ; 4.48098e-22 ; 2.26269e-10
54.05 ; 4.2556e-22 ; 2.21249e-10
54.1 ; 4.04156e-22 ; 2.16341e-10
54.15 ; 3.83828e-22 ; 2.11542e-10
54.2 ; 3.64523e-22 ; 2.06849e-10
54.25 ; 3.46189e-22 ; 2.0226e-10
54.3 ; 3.28777e-22 ; 1.97773e-10
54.35 ; 3.12241e-22 ; 1.93385e-10
54.4 ; 2.96536e-22 ; 1.89095e-10
54.45 ; 2.81621e-22 ; 1.849e-10
54.5 ; 2.67457e-22 ; 1.80798e-10
54.55 ; 2.54005e-22 ; 1.76787e-10
54.6 ; 2.41229e-22 ; 1.72865e-10
54.65 ; 2.29096e-22 ; 1.6903e-10
54.7 ; 2.17574e-22 ; 1.6528e-10
54.75 ; 2.0663e-22 ; 1.61614e-10
54.8 ; 1.96238e-22 ; 1.58028e-10
54.85 ; 1.86368e-22 ; 1.54522e-10
54.9 ; 1.76994e-22 ; 1.51094e-10
54.95 ; 1.68092e-22 ; 1.47742e-10
55 ; 1.59637e-22 ; 1.44465e-10
55.05 ; 1.51608e-22 ; 1.4126e-10
55.1 ; 1.43983e-22 ; 1.38126e-10
55.15 ; 1.36741e-22 ; 1.35062e-10
55.2 ; 1.29864e-22 ; 1.32066e-10
55.25 ; 1.23332e-22 ; 1.29136e-10
55.3 ; 1.17129e-22 ; 1.26271e-10
55.35 ; 1.11238e-22 ; 1.2347e-10
55.4 ; 1.05643e-22 ; 1.2073e-10
55.45 ; 1.00329e-22 ; 1.18052e-10
55.5 ; 9.52831e-23 ; 1.15433e-10
55.55 ; 9.04907e-23 ; 1.12872e-10
55.6 ; 8.59393e-23 ; 1.10368e-10
55.65 ; 8.16169e-23 ; 1.0792e-10
55.7 ; 7.75119e-23 ; 1.05526e-10
55.75 ; 7.36133e-23 ; 1.03185e-10
55.8 ; 6.99108e-23 ; 1.00895e-10
55.85 ; 6.63946e-23 ; 9.86571e-11
55.9 ; 6.30552e-23 ; 9.64684e-11
55.95 ; 5.98837e-23 ; 9.43283e-11
56 ; 5.68718e-23 ; 9.22357e-11
56.05 ; 5.40113e-23 ; 9.01895e-11
56.1 ; 5.12948e-23 ; 8.81886e-11
56.15 ; 4.87148e-23 ; 8.62322e-11
56.2 ; 4.62647e-23 ; 8.43192e-11
56.25 ; 4.39377e-23 ; 8.24486e-11
56.3 ; 4.17278e-23 ; 8.06195e-11
56.35 ; 3.96291e-23 ; 7.8831e-11
56.4 ; 3.76359e-23 ; 7.70821e-11
56.45 ; 3.57429e-23 ; 7.53721e-11
56.5 ; 3.39452e-23 ; 7.37e-11
56.55 ; 3.22379e-23 ; 7.2065e-11
56.6 ; 3.06164e-23 ; 7.04662e-11
56.65 ; 2.90765e-23 ; 6.8903e-11
56.7 ; 2.76141e-23 ; 6.73744e-11
56.75 ; 2.62252e-23 ; 6.58797e-11
56.8 ; 2.49062e-23 ; 6.44182e-11
56.85 ; 2.36535e-23 ; 6.29891e-11
56.9 ; 2.24638e-23 ; 6.15917e-11
56.95 ; 2.13339e-23 ; 6.02253e-11
57 ; 2.02609e-23 ; 5.88892e-11
57.05 ; 1.92419e-23 ; 5.75828e-11
57.1 ; 1.82741e-23 ; 5.63053e-11
57.15 ; 1.7355e-23 ; 5.50562e-11
57.2 ; 1.64821e-23 ; 5.38348e-11
57.25 ; 1.56531e-23 ; 5.26405e-11
57.3 ; 1.48658e-23 ; 5.14727e-11
57.35 ; 1.41181e-23 ; 5.03308e-11
57.4 ; 1.3408e-23 ; 4.92142e-11
57.45 ; 1.27336e-23 ; 4.81224e-11
57.5 ; 1.20932e-23 ; 4.70548e-11
57.55 ; 1.14849e-23 ; 4.60109e-11
57.6 ; 1.09073e-23 ; 4.49902e-11
57.65 ; 1.03587e-23 ; 4.39921e-11
57.7 ; 9.83768e-24 ; 4.30161e-11
57.75 ; 9.34288e-24 ; 4.20618e-11
57.8 ; 8.87297e-24 ; 4.11287e-11
57.85 ; 8.42669e-24 ; 4.02163e-11
57.9 ; 8.00286e-24 ; 3.93241e-11
57.95 ; 7.60034e-24 ; 3.84517e-11
58 ; 7.21807e-24 ; 3.75987e-11
58.05 ; 6.85503e-24 ; 3.67646e-11
58.1 ; 6.51025e-24 ; 3.59489e-11
58.15 ; 6.1828e-24 ; 3.51514e-11
58.2 ; 5.87183e-24 ; 3.43716e-11
58.25 ; 5.5765e-24 ; 3.36091e-11
58.3 ; 5.29602e-24 ; 3.28635e-11
58.35 ; 5.02965e-24 ; 3.21344e-11
58.4 ; 4.77668e-24 ; 3.14215e-11
58.45 ; 4.53643e-24 ; 3.07244e-11
58.5 ; 4.30826e-24 ; 3.00428e-11
58.55 ; 4.09157e-24 ; 2.93763e-11
58.6 ; 3.88578e-24 ; 2.87246e-11
58.65 ; 3.69034e-24 ; 2.80874e-11
58.7 ; 3.50473e-24 ; 2.74643e-11
58.75 ; 3.32846e-24 ; 2.6855e-11
58.8 ; 3.16105e-24 ; 2.62592e-11
58.85 ; 3.00206e-24 ; 2.56767e-11
58.9 ; 2.85107e-24 ; 2.5107e-11
58.95 ; 2.70767e-24 ; 2.45501e-11
59 ; 2.57148e-24 ; 2.40054e-11
59.05 ; 2.44215e-24 ; 2.34729e-11
59.1 ; 2.31931e-24 ; 2.29521e-11
59.15 ; 2.20266e-24 ; 2.24429e-11
59.2 ; 2.09188e-24 ; 2.19451e-11
59.25 ; 1.98666e-24 ; 2.14582e-11
59.3 ; 1.88674e-24 ; 2.09822e-11
59.35 ; 1.79184e-24 ; 2.05167e-11
59.4 ; 1.70172e-24 ; 2.00615e-11
59.45 ; 1.61613e-24 ; 1.96165e-11
59.5 ; 1.53484e-24 ; 1.91813e-11
59.55 ; 1.45765e-24 ; 1.87558e-11
59.6 ; 1.38433e-24 ; 1.83397e-11
59.65 ; 1.31471e-24 ; 1.79328e-11
59.7 ; 1.24858e-24 ; 1.7535e-11
59.75 ; 1.18578e-24 ; 1.7146e-11
59.8 ; 1.12614e-24 ; 1.67656e-11
59.85 ; 1.0695e-24 ; 1.63936e-11
59.9 ; 1.01571e-24 ; 1.603e-11
59.95 ; 9.64622e-25 ; 1.56743e-11
60 ; 9.16105e-25 ; 1.53266e-11
60.05 ; 8.70029e-25 ; 1.49866e-11
60.1 ; 8.26269e-25 ; 1.46541e-11
60.15 ; 7.84711e-25 ; 1.4329e-11
60.2 ; 7.45243e-25 ; 1.40111e-11
60.25 ; 7.0776e-25 ; 1.37003e-11
60.3 ; 6.72162e-25 ; 1.33964e-11
60.35 ; 6.38355e-25 ; 1.30992e-11
60.4 ; 6.06248e-25 ; 1.28086e-11
60.45 ; 5.75756e-25 ; 1.25244e-11
60.5 ; 5.46798e-25 ; 1.22466e-11
60.55 ; 5.19296e-25 ; 1.19749e-11
60.6 ; 4.93177e-25 ; 1.17092e-11
60.65 ; 4.68372e-25 ; 1.14495e-11
60.7 ; 4.44815e-25 ; 1.11955e-11
60.75 ; 4.22442e-25 ; 1.09471e-11
60.8 ; 4.01195e-25 ; 1.07042e-11
60.85 ; 3.81016e-25 ; 1.04668e-11
60.9 ; 3.61852e-25 ; 1.02346e-11
60.95 ; 3.43653e-25 ; 1.00075e-11
61 ; 3.26368e-25 ; 9.7855e-12
61.05 ; 3.09953e-25 ; 9.56841e-12
61.1 ; 2.94363e-25 ; 9.35614e-12
61.15 ; 2.79558e-25 ; 9.14857e-12
61.2 ; 2.65497e-25 ; 8.94562e-12
61.25 ; 2.52144e-25 ; 8.74716e-12
61.3 ; 2.39462e-25 ; 8.55311e-12
61.35 ; 2.27418e-25 ; 8.36336e-12
61.4 ; 2.15979e-25 ; 8.17782e-12
61.45 ; 2.05116e-25 ; 7.9964e-12
61.5 ; 1.948e-25 ; 7.819e-12
61.55 ; 1.85002e-25 ; 7.64554e-12
61.6 ; 1.75697e-25 ; 7.47593e-12
61.65 ; 1.6686e-25 ; 7.31007e-12
61.7 ; 1.58468e-25 ; 7.1479e-12
61.75 ; 1.50497e-25 ; 6.98933e-12
61.8 ; 1.42928e-25 ; 6.83427e-12
61.85 ; 1.35739e-25 ; 6.68266e-12
61.9 ; 1.28912e-25 ; 6.5344e-12
61.95 ; 1.22428e-25 ; 6.38944e-12
62 ; 1.16271e-25 ; 6.24769e-12
62.05 ; 1.10423e-25 ; 6.10909e-12
62.1 ; 1.04869e-25 ; 5.97356e-12
62.15 ; 9.95942e-26 ; 5.84104e-12
62.2 ; 9.4585e-26 ; 5.71146e-12
62.25 ; 8.98277e-26 ; 5.58475e-12
62.3 ; 8.53097e-26 ; 5.46086e-12
62.35 ; 8.10189e-26 ; 5.33971e-12
62.4 ; 7.6944e-26 ; 5.22125e-12
62.45 ; 7.3074e-26 ; 5.10542e-12
62.5 ; 6.93986e-26 ; 4.99216e-12
62.55 ; 6.59081e-26 ; 4.88141e-12
62.6 ; 6.25932e-26 ; 4.77311e-12
62.65 ; 5.9445e-26 ; 4.66722e-12
62.7 ; 5.64551e-26 ; 4.56368e-12
62.75 ; 5.36156e-26 ; 4.46244e-12
62.8 ; 5.0919e-26 ; 4.36344e-12
62.85 ; 4.83579e-26 ; 4.26664e-12
62.9 ; 4.59257e-26 ; 4.17199e-12
62.95 ; 4.36158e-26 ; 4.07943e-12
63 ; 4.14221e-26 ; 3.98893e-12
63.05 ; 3.93387e-26 ; 3.90044e-12
63.1 ; 3.73601e-26 ; 3.81391e-12
63.15 ; 3.5481e-26 ; 3.7293e-12
63.2 ; 3.36965e-26 ; 3.64656e-12
63.25 ; 3.20017e-26 ; 3.56567e-12
63.3 ; 3.03921e-26 ; 3.48656e-12
63.35 ; 2.88635e-26 ; 3.40921e-12
63.4 ; 2.74118e-26 ; 3.33358e-12
63.45 ; 2.6033e-26 ; 3.25963e-12
63.5 ; 2.47237e-26 ; 3.18731e-12
63.55 ; 2.34802e-26 ; 3.1166e-12
63.6 ; 2.22992e-26 ; 3.04746e-12
63.65 ; 2.11776e-26 ; 2.97986e-12
63.7 ; 2.01125e-26 ; 2.91375e-12
63.75 ; 1.91009e-26 ; 2.84911e-12
63.8 ; 1.81402e-26 ; 2.7859e-12
63.85 ; 1.72278e-26 ; 2.7241e-12
63.9 ; 1.63613e-26 ; 2.66367e-12
63.95 ; 1.55384e-26 ; 2.60457e-12
64 ; 1.47569e-26 ; 2.54679e-12
64.05 ; 1.40146e-26 ; 2.49029e-12
64.1 ; 1.33098e-26 ; 2.43504e-12
64.15 ; 1.26403e-26 ; 2.38102e-12
64.2 ; 1.20046e-26 ; 2.3282e-12
64.25 ; 1.14008e-26 ; 2.27655e-12
64.3 ; 1.08274e-26 ; 2.22605e-12
64.35 ; 1.02828e-26 ; 2.17666e-12
64.4 ; 9.7656e-27 ; 2.12837e-12
64.45 ; 9.27443e-27 ; 2.08116e-12
64.5 ; 8.80796e-27 ; 2.03499e-12
64.55 ; 8.36495e-27 ; 1.98984e-12
64.6 ; 7.94422e-27 ; 1.9457e-12
64.65 ; 7.54466e-27 ; 1.90253e-12
64.7 ; 7.16519e-27 ; 1.86033e-12
64.75 ; 6.8048e-27 ; 1.81906e-12
64.8 ; 6.46255e-27 ; 1.7787e-12
64.85 ; 6.13751e-27 ; 1.73924e-12
64.9 ; 5.82881e-27 ; 1.70066e-12
64.95 ; 5.53564e-27 ; 1.66293e-12
65 ; 5.25722e-27 ; 1.62604e-12
65.05 ; 4.9928e-27 ; 1.58996e-12
65.1 ; 4.74168e-27 ; 1.55469e-12
65.15 ; 4.50319e-27 ; 1.5202e-12
65.2 ; 4.2767e-27 ; 1.48647e-12
65.25 ; 4.0616e-27 ; 1.4535e-12
65.3 ; 3.85731e-27 ; 1.42125e-12
65.35 ; 3.6633e-27 ; 1.38972e-12
65.4 ; 3.47905e-27 ; 1.35889e-12
65.45 ; 3.30407e-27 ; 1.32875e-12
65.5 ; 3.13789e-27 ; 1.29927e-12
65.55 ; 2.98006e-27 ; 1.27044e-12
65.6 ; 2.83018e-27 ; 1.24226e-12
65.65 ; 2.68783e-27 ; 1.2147e-12
65.7 ; 2.55264e-27 ; 1.18775e-12
65.75 ; 2.42425e-27 ; 1.1614e-12
65.8 ; 2.30232e-27 ; 1.13564e-12
65.85 ; 2.18652e-27 ; 1.11044e-12
65.9 ; 2.07655e-27 ; 1.08581e-12
65.95 ; 1.97211e-27 ; 1.06172e-12
66 ; 1.87292e-27 ; 1.03817e-12
66.05 ; 1.77872e-27 ; 1.01513e-12
66.1 ; 1.68925e-27 ; 9.92614e-13
66.15 ; 1.60429e-27 ; 9.70594e-13
66.2 ; 1.5236e-27 ; 9.49061e-13
66.25 ; 1.44697e-27 ; 9.28007e-13
66.3 ; 1.37419e-27 ; 9.07419e-13
66.35 ; 1.30507e-27 ; 8.87288e-13
66.4 ; 1.23943e-27 ; 8.67604e-13
66.45 ; 1.17709e-27 ; 8.48357e-13
66.5 ; 1.11789e-27 ; 8.29536e-13
66.55 ; 1.06167e-27 ; 8.11133e-13
66.6 ; 1.00827e-27 ; 7.93138e-13
66.65 ; 9.57555e-28 ; 7.75543e-13
66.7 ; 9.09393e-28 ; 7.58338e-13
66.75 ; 8.63654e-28 ; 7.41514e-13
66.8 ; 8.20216e-28 ; 7.25064e-13
66.85 ; 7.78962e-28 ; 7.08979e-13
66.9 ; 7.39783e-28 ; 6.9325e-13
66.95 ; 7.02574e-28 ; 6.77871e-13
67 ; 6.67238e-28 ; 6.62832e-13
67.05 ; 6.33678e-28 ; 6.48128e-13
67.1 ; 6.01806e-28 ; 6.33749e-13
67.15 ; 5.71538e-28 ; 6.1969e-13
67.2 ; 5.42791e-28 ; 6.05942e-13
67.25 ; 5.15491e-28 ; 5.92499e-13
67.3 ; 4.89564e-28 ; 5.79355e-13
67.35 ; 4.6494e-28 ; 5.66502e-13
67.4 ; 4.41556e-28 ; 5.53935e-13
67.45 ; 4.19347e-28 ; 5.41646e-13
67.5 ; 3.98255e-28 ; 5.29629e-13
67.55 ; 3.78224e-28 ; 5.1788e-13
67.6 ; 3.59201e-28 ; 5.06391e-13
67.65 ; 3.41135e-28 ; 4.95157e-13
67.7 ; 3.23977e-28 ; 4.84172e-13
67.75 ; 3.07682e-28 ; 4.73431e-13
67.8 ; 2.92207e-28 ; 4.62928e-13
67.85 ; 2.7751e-28 ; 4.52658e-13
67.9 ; 2.63552e-28 ; 4.42616e-13
67.95 ; 2.50296e-28 ; 4.32796e-13
68 ; 2.37707e-28 ; 4.23195e-13
68.05 ; 2.25752e-28 ; 4.13807e-13
68.1 ; 2.14397e-28 ; 4.04626e-13
68.15 ; 2.03614e-28 ; 3.9565e-13
68.2 ; 1.93373e-28 ; 3.86872e-13
68.25 ; 1.83647e-28 ; 3.7829e-13
68.3 ; 1.7441e-28 ; 3.69898e-13
68.35 ; 1.65638e-28 ; 3.61692e-13
68.4 ; 1.57307e-28 ; 3.53668e-13
68.45 ; 1.49395e-28 ; 3.45822e-13
68.5 ; 1.41881e-28 ; 3.3815e-13
68.55 ; 1.34745e-28 ; 3.30648e-13
68.6 ; 1.27968e-28 ; 3.23313e-13
68.65 ; 1.21531e-28 ; 3.1614e-13
68.7 ; 1.15419e-28 ; 3.09127e-13
68.75 ; 1.09614e-28 ; 3.02269e-13
68.8 ; 1.041e-28 ; 2.95563e-13
68.85 ; 9.88645e-29 ; 2.89006e-13
68.9 ; 9.3892e-29 ; 2.82594e-13
68.95 ; 8.91696e-29 ; 2.76325e-13
69 ; 8.46847e-29 ; 2.70195e-13
69.05 ; 8.04253e-29 ; 2.64201e-13
69.1 ; 7.63802e-29 ; 2.5834e-13
69.15 ; 7.25386e-29 ; 2.52608e-13
69.2 ; 6.88902e-29 ; 2.47004e-13
69.25 ; 6.54252e-29 ; 2.41525e-13
69.3 ; 6.21346e-29 ; 2.36167e-13
69.35 ; 5.90094e-29 ; 2.30927e-13
69.4 ; 5.60415e-29 ; 2.25804e-13
69.45 ; 5.32228e-29 ; 2.20795e-13
69.5 ; 5.05459e-29 ; 2.15897e-13
69.55 ; 4.80036e-29 ; 2.11107e-13
69.6 ; 4.55892e-29 ; 2.06424e-13
69.65 ; 4.32962e-29 ; 2.01844e-13
69.7 ; 4.11186e-29 ; 1.97366e-13
69.75 ; 3.90505e-29 ; 1.92988e-13
69.8 ; 3.70864e-29 ; 1.88706e-13
69.85 ; 3.52211e-29 ; 1.8452e-13
69.9 ; 3.34496e-29 ; 1.80427e-13
69.95 ; 3.17672e-29 ; 1.76424e-13
70 ; 3.01694e-29 ; 1.7251e-13
70.05 ; 2.8652e-29 ; 1.68683e-13
70.1 ; 2.72109e-29 ; 1.64941e-13
70.15 ; 2.58423e-29 ; 1.61282e-13
70.2 ; 2.45425e-29 ; 1.57704e-13
70.25 ; 2.33081e-29 ; 1.54205e-13
70.3 ; 2.21358e-29 ; 1.50784e-13
70.35 ; 2.10225e-29 ; 1.47439e-13
70.4 ; 1.99651e-29 ; 1.44168e-13
70.45 ; 1.89609e-29 ; 1.4097e-13
70.5 ; 1.80073e-29 ; 1.37842e-13
70.55 ; 1.71016e-29 ; 1.34784e-13
70.6 ; 1.62414e-29 ; 1.31794e-13
70.65 ; 1.54245e-29 ; 1.2887e-13
70.7 ; 1.46487e-29 ; 1.26011e-13
70.75 ; 1.3912e-29 ; 1.23216e-13
70.8 ; 1.32122e-29 ; 1.20482e-13
70.85 ; 1.25477e-29 ; 1.1781e-13
70.9 ; 1.19166e-29 ; 1.15196e-13
70.95 ; 1.13173e-29 ; 1.1264e-13
71 ; 1.0748e-29 ; 1.10141e-13
71.05 ; 1.02074e-29 ; 1.07698e-13
71.1 ; 9.69405e-30 ; 1.05309e-13
71.15 ; 9.20647e-30 ; 1.02973e-13
71.2 ; 8.74342e-30 ; 1.00688e-13
71.25 ; 8.30366e-30 ; 9.84544e-14
71.3 ; 7.88602e-30 ; 9.62702e-14
71.35 ; 7.48938e-30 ; 9.41345e-14
71.4 ; 7.11269e-30 ; 9.20461e-14
71.45 ; 6.75495e-30 ; 9.00041e-14
71.5 ; 6.4152e-30 ; 8.80074e-14
71.55 ; 6.09254e-30 ; 8.6055e-14
71.6 ; 5.78611e-30 ; 8.41459e-14
71.65 ; 5.49509e-30 ; 8.22792e-14
71.7 ; 5.2187e-30 ; 8.04538e-14
71.75 ; 4.95622e-30 ; 7.8669e-14
71.8 ; 4.70694e-30 ; 7.69237e-14
71.85 ; 4.4702e-30 ; 7.52172e-14
71.9 ; 4.24536e-30 ; 7.35485e-14
71.95 ; 4.03184e-30 ; 7.19169e-14
72 ; 3.82905e-30 ; 7.03214e-14
72.05 ; 3.63646e-30 ; 6.87614e-14
72.1 ; 3.45356e-30 ; 6.72359e-14
72.15 ; 3.27986e-30 ; 6.57443e-14
72.2 ; 3.1149e-30 ; 6.42858e-14
72.25 ; 2.95823e-30 ; 6.28596e-14
72.3 ; 2.80944e-30 ; 6.14651e-14
72.35 ; 2.66814e-30 ; 6.01015e-14
72.4 ; 2.53394e-30 ; 5.87682e-14
72.45 ; 2.40649e-30 ; 5.74644e-14
72.5 ; 2.28545e-30 ; 5.61896e-14
72.55 ; 2.1705e-30 ; 5.49431e-14
72.6 ; 2.06133e-30 ; 5.37242e-14
72.65 ; 1.95766e-30 ; 5.25323e-14
72.7 ; 1.85919e-30 ; 5.13669e-14
72.75 ; 1.76568e-30 ; 5.02274e-14
72.8 ; 1.67688e-30 ; 4.91131e-14
72.85 ; 1.59254e-30 ; 4.80235e-14
72.9 ; 1.51244e-30 ; 4.69581e-14
72.95 ; 1.43637e-30 ; 4.59164e-14
73 ; 1.36412e-30 ; 4.48977e-14
73.05 ; 1.29551e-30 ; 4.39017e-14
73.1 ; 1.23035e-30 ; 4.29278e-14
73.15 ; 1.16847e-30 ; 4.19754e-14
73.2 ; 1.1097e-30 ; 4.10442e-14
73.25 ; 1.05389e-30 ; 4.01337e-14
73.3 ; 1.00088e-30 ; 3.92433e-14
73.35 ; 9.50539e-31 ; 3.83727e-14
73.4 ; 9.02731e-31 ; 3.75214e-14
73.45 ; 8.57327e-31 ; 3.6689e-14
73.5 ; 8.14206e-31 ; 3.58751e-14
73.55 ; 7.73255e-31 ; 3.50792e-14
73.6 ; 7.34363e-31 ; 3.4301e-14
73.65 ; 6.97427e-31 ; 3.354e-14
73.7 ; 6.62349e-31 ; 3.2796e-14
73.75 ; 6.29035e-31 ; 3.20684e-14
73.8 ; 5.97397e-31 ; 3.1357e-14
73.85 ; 5.6735e-31 ; 3.06613e-14
73.9 ; 5.38814e-31 ; 2.99811e-14
73.95 ; 5.11714e-31 ; 2.9316e-14
74 ; 4.85977e-31 ; 2.86656e-14
74.05 ; 4.61534e-31 ; 2.80297e-14
74.1 ; 4.3832e-31 ; 2.74079e-14
74.15 ; 4.16274e-31 ; 2.67998e-14
74.2 ; 3.95337e-31 ; 2.62053e-14
74.25 ; 3.75453e-31 ; 2.56239e-14
74.3 ; 3.56569e-31 ; 2.50555e-14
74.35 ; 3.38635e-31 ; 2.44996e-14
74.4 ; 3.21603e-31 ; 2.39561e-14
74.45 ; 3.05428e-31 ; 2.34246e-14
74.5 ; 2.90066e-31 ; 2.2905e-14
74.55 ; 2.75477e-31 ; 2.23968e-14
74.6 ; 2.61621e-31 ; 2.19e-14
74.65 ; 2.48463e-31 ; 2.14141e-14
74.7 ; 2.35966e-31 ; 2.09391e-14
74.75 ; 2.24098e-31 ; 2.04745e-14
74.8 ; 2.12826e-31 ; 2.00203e-14
74.85 ; 2.02122e-31 ; 1.95762e-14
74.9 ; 1.91956e-31 ; 1.91419e-14
74.95 ; 1.82301e-31 ; 1.87172e-14
75 ; 1.73132e-31 ; 1.8302e-14
75.05 ; 1.64424e-31 ; 1.7896e-14
75.1 ; 1.56154e-31 ; 1.74989e-14
75.15 ; 1.483e-31 ; 1.71107e-14
75.2 ; 1.40841e-31 ; 1.67311e-14
75.25 ; 1.33758e-31 ; 1.636e-14
75.3 ; 1.2703e-31 ; 1.5997e-14
75.35 ; 1.20641e-31 ; 1.56421e-14
75.4 ; 1.14573e-31 ; 1.52951e-14
75.45 ; 1.0881e-31 ; 1.49558e-14
75.5 ; 1.03338e-31 ; 1.4624e-14
75.55 ; 9.81402e-32 ; 1.42996e-14
75.6 ; 9.32041e-32 ; 1.39823e-14
75.65 ; 8.85162e-32 ; 1.36722e-14
75.7 ; 8.40642e-32 ; 1.33688e-14
75.75 ; 7.98361e-32 ; 1.30723e-14
75.8 ; 7.58206e-32 ; 1.27823e-14
75.85 ; 7.20071e-32 ; 1.24987e-14
75.9 ; 6.83854e-32 ; 1.22214e-14
75.95 ; 6.49459e-32 ; 1.19503e-14
76 ; 6.16793e-32 ; 1.16852e-14
76.05 ; 5.85771e-32 ; 1.14259e-14
76.1 ; 5.56309e-32 ; 1.11725e-14
76.15 ; 5.28329e-32 ; 1.09246e-14
76.2 ; 5.01756e-32 ; 1.06822e-14
76.25 ; 4.76519e-32 ; 1.04453e-14
76.3 ; 4.52552e-32 ; 1.02135e-14
76.35 ; 4.2979e-32 ; 9.98695e-15
76.4 ; 4.08173e-32 ; 9.76539e-15
76.45 ; 3.87644e-32 ; 9.54875e-15
76.5 ; 3.68147e-32 ; 9.33691e-15
76.55 ; 3.4963e-32 ; 9.12978e-15
76.6 ; 3.32045e-32 ; 8.92723e-15
76.65 ; 3.15344e-32 ; 8.72919e-15
76.7 ; 2.99484e-32 ; 8.53553e-15
76.75 ; 2.84421e-32 ; 8.34617e-15
76.8 ; 2.70115e-32 ; 8.16102e-15
76.85 ; 2.5653e-32 ; 7.97997e-15
76.9 ; 2.43627e-32 ; 7.80294e-15
76.95 ; 2.31374e-32 ; 7.62983e-15
77 ; 2.19736e-32 ; 7.46056e-15
77.05 ; 2.08684e-32 ; 7.29505e-15
77.1 ; 1.98188e-32 ; 7.13322e-15
77.15 ; 1.8822e-32 ; 6.97497e-15
77.2 ; 1.78753e-32 ; 6.82023e-15
77.25 ; 1.69763e-32 ; 6.66893e-15
77.3 ; 1.61224e-32 ; 6.52098e-15
77.35 ; 1.53115e-32 ; 6.37631e-15
77.4 ; 1.45414e-32 ; 6.23486e-15
77.45 ; 1.381e-32 ; 6.09654e-15
77.5 ; 1.31154e-32 ; 5.96129e-15
77.55 ; 1.24558e-32 ; 5.82904e-15
77.6 ; 1.18293e-32 ; 5.69972e-15
77.65 ; 1.12343e-32 ; 5.57328e-15
77.7 ; 1.06693e-32 ; 5.44964e-15
77.75 ; 1.01327e-32 ; 5.32874e-15
77.8 ; 9.62302e-33 ; 5.21052e-15
77.85 ; 9.13902e-33 ; 5.09493e-15
77.9 ; 8.67936e-33 ; 4.9819e-15
77.95 ; 8.24282e-33 ; 4.87138e-15
78 ; 7.82824e-33 ; 4.76331e-15
78.05 ; 7.43451e-33 ; 4.65763e-15
78.1 ; 7.06058e-33 ; 4.55431e-15
78.15 ; 6.70546e-33 ; 4.45327e-15
78.2 ; 6.3682e-33 ; 4.35448e-15
78.25 ; 6.0479e-33 ; 4.25787e-15
78.3 ; 5.74371e-33 ; 4.16341e-15
78.35 ; 5.45482e-33 ; 4.07105e-15
78.4 ; 5.18047e-33 ; 3.98073e-15
78.45 ; 4.91991e-33 ; 3.89242e-15
78.5 ; 4.67245e-33 ; 3.80607e-15
78.55 ; 4.43745e-33 ; 3.72163e-15
78.6 ; 4.21426e-33 ; 3.63907e-15
78.65 ; 4.0023e-33 ; 3.55834e-15
78.7 ; 3.801e-33 ; 3.4794e-15
78.75 ; 3.60982e-33 ; 3.40221e-15
78.8 ; 3.42826e-33 ; 3.32673e-15
78.85 ; 3.25583e-33 ; 3.25293e-15
78.9 ; 3.09207e-33 ; 3.18077e-15
78.95 ; 2.93655e-33 ; 3.1102e-15
79 ; 2.78886e-33 ; 3.0412e-15
79.05 ; 2.64859e-33 ; 2.97373e-15
79.1 ; 2.51537e-33 ; 2.90776e-15
79.15 ; 2.38886e-33 ; 2.84325e-15
79.2 ; 2.26871e-33 ; 2.78018e-15
79.25 ; 2.1546e-33 ; 2.7185e-15
79.3 ; 2.04623e-33 ; 2.65819e-15
79.35 ; 1.94331e-33 ; 2.59922e-15
79.4 ; 1.84557e-33 ; 2.54156e-15
79.45 ; 1.75275e-33 ; 2.48517e-15
79.5 ; 1.66459e-33 ; 2.43004e-15
79.55 ; 1.58087e-33 ; 2.37613e-15
79.6 ; 1.50136e-33 ; 2.32342e-15
79.65 ; 1.42584e-33 ; 2.27187e-15
79.7 ; 1.35413e-33 ; 2.22147e-15
79.75 ; 1.28602e-33 ; 2.17219e-15
79.8 ; 1.22134e-33 ; 2.124e-15
79.85 ; 1.15991e-33 ; 2.07688e-15
79.9 ; 1.10157e-33 ; 2.03081e-15
79.95 ; 1.04617e-33 ; 1.98575e-15
80 ; 9.93547e-34 ; 1.9417e-15
80.05 ; 9.43575e-34 ; 1.89862e-15
80.1 ; 8.96117e-34 ; 1.8565e-15
80.15 ; 8.51045e-34 ; 1.81532e-15
80.2 ; 8.08241e-34 ; 1.77505e-15
80.25 ; 7.67589e-34 ; 1.73567e-15
80.3 ; 7.28982e-34 ; 1.69716e-15
80.35 ; 6.92317e-34 ; 1.65951e-15
80.4 ; 6.57496e-34 ; 1.62269e-15
80.45 ; 6.24426e-34 ; 1.5867e-15
80.5 ; 5.9302e-34 ; 1.5515e-15
80.55 ; 5.63193e-34 ; 1.51708e-15
80.6 ; 5.34867e-34 ; 1.48342e-15
80.65 ; 5.07965e-34 ; 1.45051e-15
80.7 ; 4.82416e-34 ; 1.41833e-15
80.75 ; 4.58152e-34 ; 1.38687e-15
80.8 ; 4.35109e-34 ; 1.3561e-15
80.85 ; 4.13225e-34 ; 1.32601e-15
80.9 ; 3.92441e-34 ; 1.2966e-15
80.95 ; 3.72703e-34 ; 1.26783e-15
81 ; 3.53957e-34 ; 1.23971e-15
81.05 ; 3.36154e-34 ; 1.2122e-15
81.1 ; 3.19247e-34 ; 1.18531e-15
81.15 ; 3.0319e-34 ; 1.15902e-15
81.2 ; 2.87941e-34 ; 1.1333e-15
81.25 ; 2.73458e-34 ; 1.10816e-15
81.3 ; 2.59704e-34 ; 1.08358e-15
81.35 ; 2.46642e-34 ; 1.05954e-15
81.4 ; 2.34237e-34 ; 1.03603e-15
81.45 ; 2.22456e-34 ; 1.01305e-15
81.5 ; 2.11267e-34 ; 9.90575e-16
81.55 ; 2.00641e-34 ; 9.68599e-16
81.6 ; 1.90549e-34 ; 9.47111e-16
81.65 ; 1.80966e-34 ; 9.261e-16
81.7 ; 1.71864e-34 ; 9.05555e-16
81.75 ; 1.6322e-34 ; 8.85465e-16
81.8 ; 1.5501e-34 ; 8.65821e-16
81.85 ; 1.47214e-34 ; 8.46613e-16
81.9 ; 1.39809e-34 ; 8.27832e-16
81.95 ; 1.32778e-34 ; 8.09466e-16
82 ; 1.26099e-34 ; 7.91509e-16
82.05 ; 1.19757e-34 ; 7.73949e-16
82.1 ; 1.13734e-34 ; 7.56779e-16
82.15 ; 1.08013e-34 ; 7.39991e-16
82.2 ; 1.02581e-34 ; 7.23574e-16
82.25 ; 9.74211e-35 ; 7.07522e-16
82.3 ; 9.25212e-35 ; 6.91826e-16
82.35 ; 8.78677e-35 ; 6.76478e-16
82.4 ; 8.34483e-35 ; 6.6147e-16
82.45 ; 7.92511e-35 ; 6.46796e-16
82.5 ; 7.52651e-35 ; 6.32447e-16
82.55 ; 7.14795e-35 ; 6.18416e-16
82.6 ; 6.78844e-35 ; 6.04697e-16
82.65 ; 6.447e-35 ; 5.91282e-16
82.7 ; 6.12274e-35 ; 5.78165e-16
82.75 ; 5.81479e-35 ; 5.65338e-16
82.8 ; 5.52233e-35 ; 5.52796e-16
82.85 ; 5.24458e-35 ; 5.40533e-16
82.9 ; 4.98079e-35 ; 5.28541e-16
82.95 ; 4.73028e-35 ; 5.16816e-16
83 ; 4.49236e-35 ; 5.0535e-16
83.05 ; 4.26641e-35 ; 4.94139e-16
83.1 ; 4.05183e-35 ; 4.83177e-16
83.15 ; 3.84804e-35 ; 4.72458e-16
83.2 ; 3.65449e-35 ; 4.61976e-16
83.25 ; 3.47069e-35 ; 4.51728e-16
83.3 ; 3.29612e-35 ; 4.41706e-16
83.35 ; 3.13034e-35 ; 4.31907e-16
83.4 ; 2.9729e-35 ; 4.22325e-16
83.45 ; 2.82337e-35 ; 4.12956e-16
83.5 ; 2.68136e-35 ; 4.03795e-16
83.55 ; 2.5465e-35 ; 3.94837e-16
83.6 ; 2.41842e-35 ; 3.86078e-16
83.65 ; 2.29678e-35 ; 3.77513e-16
83.7 ; 2.18126e-35 ; 3.69138e-16
83.75 ; 2.07155e-35 ; 3.60948e-16
83.8 ; 1.96736e-35 ; 3.52941e-16
83.85 ; 1.86841e-35 ; 3.45111e-16
83.9 ; 1.77444e-35 ; 3.37455e-16
83.95 ; 1.68519e-35 ; 3.29968e-16
84 ; 1.60043e-35 ; 3.22648e-16
84.05 ; 1.51993e-35 ; 3.1549e-16
84.1 ; 1.44349e-35 ; 3.08491e-16
84.15 ; 1.37089e-35 ; 3.01648e-16
84.2 ; 1.30194e-35 ; 2.94956e-16
84.25 ; 1.23645e-35 ; 2.88412e-16
84.3 ; 1.17426e-35 ; 2.82014e-16
84.35 ; 1.1152e-35 ; 2.75757e-16
84.4 ; 1.05911e-35 ; 2.6964e-16
84.45 ; 1.00584e-35 ; 2.63658e-16
84.5 ; 9.55252e-36 ; 2.57809e-16
84.55 ; 9.07206e-36 ; 2.52089e-16
84.6 ; 8.61577e-36 ; 2.46497e-16
84.65 ; 8.18243e-36 ; 2.41028e-16
84.7 ; 7.77088e-36 ; 2.35681e-16
84.75 ; 7.38004e-36 ; 2.30453e-16
84.8 ; 7.00885e-36 ; 2.2534e-16
84.85 ; 6.65633e-36 ; 2.20341e-16
84.9 ; 6.32154e-36 ; 2.15453e-16
84.95 ; 6.00359e-36 ; 2.10673e-16
85 ; 5.70163e-36 ; 2.05999e-16
85.05 ; 5.41486e-36 ; 2.01429e-16
85.1 ; 5.14251e-36 ; 1.96961e-16
85.15 ; 4.88386e-36 ; 1.92591e-16
85.2 ; 4.63822e-36 ; 1.88319e-16
85.25 ; 4.40494e-36 ; 1.84141e-16
85.3 ; 4.18338e-36 ; 1.80056e-16
85.35 ; 3.97297e-36 ; 1.76061e-16
85.4 ; 3.77315e-36 ; 1.72155e-16
85.45 ; 3.58337e-36 ; 1.68336e-16
85.5 ; 3.40314e-36 ; 1.64602e-16
85.55 ; 3.23198e-36 ; 1.6095e-16
85.6 ; 3.06942e-36 ; 1.57379e-16
85.65 ; 2.91504e-36 ; 1.53888e-16
85.7 ; 2.76842e-36 ; 1.50474e-16
85.75 ; 2.62918e-36 ; 1.47136e-16
85.8 ; 2.49694e-36 ; 1.43872e-16
85.85 ; 2.37136e-36 ; 1.4068e-16
85.9 ; 2.25209e-36 ; 1.37559e-16
85.95 ; 2.13881e-36 ; 1.34507e-16
86 ; 2.03124e-36 ; 1.31523e-16
86.05 ; 1.92908e-36 ; 1.28606e-16
86.1 ; 1.83205e-36 ; 1.25752e-16
86.15 ; 1.7399e-36 ; 1.22963e-16
86.2 ; 1.65239e-36 ; 1.20235e-16
86.25 ; 1.56928e-36 ; 1.17567e-16
86.3 ; 1.49036e-36 ; 1.14959e-16
86.35 ; 1.4154e-36 ; 1.12409e-16
86.4 ; 1.34421e-36 ; 1.09915e-16
86.45 ; 1.2766e-36 ; 1.07477e-16
86.5 ; 1.21239e-36 ; 1.05092e-16
86.55 ; 1.15141e-36 ; 1.02761e-16
86.6 ; 1.0935e-36 ; 1.00481e-16
86.65 ; 1.0385e-36 ; 9.82521e-17
86.7 ; 9.86267e-37 ; 9.60724e-17
86.75 ; 9.36662e-37 ; 9.39411e-17
86.8 ; 8.89551e-37 ; 9.1857e-17
86.85 ; 8.4481e-37 ; 8.98192e-17
86.9 ; 8.02319e-37 ; 8.78266e-17
86.95 ; 7.61965e-37 ; 8.58782e-17
87 ; 7.23641e-37 ; 8.3973e-17
87.05 ; 6.87245e-37 ; 8.21101e-17
87.1 ; 6.52679e-37 ; 8.02885e-17
87.15 ; 6.19851e-37 ; 7.85073e-17
87.2 ; 5.88675e-37 ; 7.67657e-17
87.25 ; 5.59067e-37 ; 7.50626e-17
87.3 ; 5.30948e-37 ; 7.33974e-17
87.35 ; 5.04243e-37 ; 7.17691e-17
87.4 ; 4.78882e-37 ; 7.01769e-17
87.45 ; 4.54796e-37 ; 6.86201e-17
87.5 ; 4.31921e-37 ; 6.70978e-17
87.55 ; 4.10197e-37 ; 6.56092e-17
87.6 ; 3.89566e-37 ; 6.41537e-17
87.65 ; 3.69972e-37 ; 6.27305e-17
87.7 ; 3.51364e-37 ; 6.13388e-17
87.75 ; 3.33691e-37 ; 5.9978e-17
87.8 ; 3.16908e-37 ; 5.86474e-17
87.85 ; 3.00969e-37 ; 5.73464e-17
87.9 ; 2.85831e-37 ; 5.60742e-17
87.95 ; 2.71455e-37 ; 5.48302e-17
88 ; 2.57802e-37 ; 5.36138e-17
88.05 ; 2.44835e-37 ; 5.24244e-17
88.1 ; 2.32521e-37 ; 5.12614e-17
88.15 ; 2.20826e-37 ; 5.01241e-17
88.2 ; 2.09719e-37 ; 4.90122e-17
88.25 ; 1.99171e-37 ; 4.79248e-17
88.3 ; 1.89153e-37 ; 4.68616e-17
88.35 ; 1.7964e-37 ; 4.5822e-17
88.4 ; 1.70604e-37 ; 4.48055e-17
88.45 ; 1.62024e-37 ; 4.38115e-17
88.5 ; 1.53874e-37 ; 4.28395e-17
88.55 ; 1.46135e-37 ; 4.18892e-17
88.6 ; 1.38785e-37 ; 4.09599e-17
88.65 ; 1.31805e-37 ; 4.00512e-17
88.7 ; 1.25175e-37 ; 3.91627e-17
88.75 ; 1.1888e-37 ; 3.82939e-17
88.8 ; 1.129e-37 ; 3.74443e-17
88.85 ; 1.07222e-37 ; 3.66136e-17
88.9 ; 1.01829e-37 ; 3.58014e-17
88.95 ; 9.67074e-38 ; 3.50071e-17
89 ; 9.18433e-38 ; 3.42305e-17
89.05 ; 8.72239e-38 ; 3.34711e-17
89.1 ; 8.28369e-38 ; 3.27286e-17
89.15 ; 7.86705e-38 ; 3.20025e-17
89.2 ; 7.47137e-38 ; 3.12925e-17
89.25 ; 7.09558e-38 ; 3.05983e-17
89.3 ; 6.7387e-38 ; 2.99195e-17
89.35 ; 6.39977e-38 ; 2.92557e-17
89.4 ; 6.07788e-38 ; 2.86067e-17
89.45 ; 5.77219e-38 ; 2.79721e-17
89.5 ; 5.48187e-38 ; 2.73515e-17
89.55 ; 5.20615e-38 ; 2.67447e-17
89.6 ; 4.9443e-38 ; 2.61514e-17
89.65 ; 4.69562e-38 ; 2.55713e-17
89.7 ; 4.45945e-38 ; 2.5004e-17
89.75 ; 4.23515e-38 ; 2.44493e-17
89.8 ; 4.02214e-38 ; 2.39069e-17
89.85 ; 3.81984e-38 ; 2.33765e-17
89.9 ; 3.62772e-38 ; 2.28579e-17
89.95 ; 3.44526e-38 ; 2.23508e-17
90 ; 3.27197e-38 ; 2.1855e-17
90.05 ; 3.1074e-38 ; 2.13701e-17
90.1 ; 2.95111e-38 ; 2.0896e-17
90.15 ; 2.80268e-38 ; 2.04325e-17
90.2 ; 2.66172e-38 ; 1.99792e-17
90.25 ; 2.52784e-38 ; 1.95359e-17
90.3 ; 2.4007e-38 ; 1.91025e-17
90.35 ; 2.27996e-38 ; 1.86788e-17
90.4 ; 2.16528e-38 ; 1.82644e-17
90.45 ; 2.05638e-38 ; 1.78592e-17
90.5 ; 1.95295e-38 ; 1.7463e-17
90.55 ; 1.85472e-38 ; 1.70756e-17
90.6 ; 1.76144e-38 ; 1.66968e-17
90.65 ; 1.67284e-38 ; 1.63263e-17
90.7 ; 1.5887e-38 ; 1.59642e-17
90.75 ; 1.5088e-38 ; 1.561e-17
90.8 ; 1.43291e-38 ; 1.52637e-17
90.85 ; 1.36084e-38 ; 1.49251e-17
90.9 ; 1.2924e-38 ; 1.4594e-17
90.95 ; 1.22739e-38 ; 1.42702e-17
91 ; 1.16566e-38 ; 1.39536e-17
91.05 ; 1.10703e-38 ; 1.36441e-17
91.1 ; 1.05135e-38 ; 1.33414e-17
91.15 ; 9.98473e-39 ; 1.30454e-17
91.2 ; 9.48253e-39 ; 1.2756e-17
91.25 ; 9.0056e-39 ; 1.2473e-17
91.3 ; 8.55265e-39 ; 1.21963e-17
91.35 ; 8.12248e-39 ; 1.19257e-17
91.4 ; 7.71395e-39 ; 1.16612e-17
91.45 ; 7.32597e-39 ; 1.14025e-17
91.5 ; 6.9575e-39 ; 1.11495e-17
91.55 ; 6.60756e-39 ; 1.09021e-17
91.6 ; 6.27522e-39 ; 1.06603e-17
91.65 ; 5.9596e-39 ; 1.04238e-17
91.7 ; 5.65986e-39 ; 1.01925e-17
91.75 ; 5.37519e-39 ; 9.96643e-18
91.8 ; 5.10483e-39 ; 9.74532e-18
91.85 ; 4.84808e-39 ; 9.52913e-18
91.9 ; 4.60424e-39 ; 9.31773e-18
91.95 ; 4.37266e-39 ; 9.11102e-18
92 ; 4.15273e-39 ; 8.90889e-18
92.05 ; 3.94387e-39 ; 8.71125e-18
92.1 ; 3.7455e-39 ; 8.51799e-18
92.15 ; 3.55712e-39 ; 8.32903e-18
92.2 ; 3.37821e-39 ; 8.14425e-18
92.25 ; 3.2083e-39 ; 7.96357e-18
92.3 ; 3.04693e-39 ; 7.7869e-18
92.35 ; 2.89368e-39 ; 7.61415e-18
92.4 ; 2.74814e-39 ; 7.44523e-18
92.45 ; 2.60992e-39 ; 7.28006e-18
92.5 ; 2.47865e-39 ; 7.11856e-18
92.55 ; 2.35398e-39 ; 6.96064e-18
92.6 ; 2.23559e-39 ; 6.80622e-18
92.65 ; 2.12314e-39 ; 6.65522e-18
92.7 ; 2.01636e-39 ; 6.50758e-18
92.75 ; 1.91494e-39 ; 6.36321e-18
92.8 ; 1.81863e-39 ; 6.22204e-18
92.85 ; 1.72716e-39 ; 6.08401e-18
92.9 ; 1.64029e-39 ; 5.94904e-18
92.95 ; 1.55779e-39 ; 5.81706e-18
93 ; 1.47944e-39 ; 5.68801e-18
93.05 ; 1.40503e-39 ; 5.56182e-18
93.1 ; 1.33436e-39 ; 5.43844e-18
93.15 ; 1.26724e-39 ; 5.31779e-18
93.2 ; 1.20351e-39 ; 5.19981e-18
93.25 ; 1.14297e-39 ; 5.08446e-18
93.3 ; 1.08549e-39 ; 4.97166e-18
93.35 ; 1.03089e-39 ; 4.86137e-18
93.4 ; 9.79041e-40 ; 4.75352e-18
93.45 ; 9.29799e-40 ; 4.64806e-18
93.5 ; 8.83034e-40 ; 4.54495e-18
93.55 ; 8.3862e-40 ; 4.44412e-18
93.6 ; 7.96441e-40 ; 4.34553e-18
93.65 ; 7.56383e-40 ; 4.24912e-18
93.7 ; 7.18339e-40 ; 4.15486e-18
93.75 ; 6.8221e-40 ; 4.06268e-18
93.8 ; 6.47897e-40 ; 3.97255e-18
93.85 ; 6.1531e-40 ; 3.88443e-18
93.9 ; 5.84362e-40 ; 3.79825e-18
93.95 ; 5.54971e-40 ; 3.71399e-18
94 ; 5.27058e-40 ; 3.63159e-18
94.05 ; 5.00549e-40 ; 3.55103e-18
94.1 ; 4.75373e-40 ; 3.47225e-18
94.15 ; 4.51463e-40 ; 3.39522e-18
94.2 ; 4.28757e-40 ; 3.3199e-18
94.25 ; 4.07192e-40 ; 3.24625e-18
94.3 ; 3.86711e-40 ; 3.17423e-18
94.35 ; 3.67261e-40 ; 3.10381e-18
94.4 ; 3.48789e-40 ; 3.03495e-18
94.45 ; 3.31246e-40 ; 2.96762e-18
94.5 ; 3.14586e-40 ; 2.90179e-18
94.55 ; 2.98763e-40 ; 2.83741e-18
94.6 ; 2.83737e-40 ; 2.77447e-18
94.65 ; 2.69466e-40 ; 2.71291e-18
94.7 ; 2.55913e-40 ; 2.65273e-18
94.75 ; 2.43041e-40 ; 2.59388e-18
94.8 ; 2.30817e-40 ; 2.53634e-18
94.85 ; 2.19208e-40 ; 2.48007e-18
94.9 ; 2.08183e-40 ; 2.42505e-18
94.95 ; 1.97712e-40 ; 2.37125e-18
95 ; 1.87768e-40 ; 2.31864e-18
95.05 ; 1.78323e-40 ; 2.26721e-18
95.1 ; 1.69354e-40 ; 2.21691e-18
95.15 ; 1.60837e-40 ; 2.16773e-18
95.2 ; 1.52747e-40 ; 2.11964e-18
95.25 ; 1.45064e-40 ; 2.07261e-18
95.3 ; 1.37768e-40 ; 2.02663e-18
95.35 ; 1.30839e-40 ; 1.98167e-18
95.4 ; 1.24258e-40 ; 1.93771e-18
95.45 ; 1.18009e-40 ; 1.89472e-18
95.5 ; 1.12073e-40 ; 1.85269e-18
95.55 ; 1.06436e-40 ; 1.81159e-18
95.6 ; 1.01083e-40 ; 1.7714e-18
95.65 ; 9.59988e-41 ; 1.7321e-18
95.7 ; 9.11704e-41 ; 1.69367e-18
95.75 ; 8.65849e-41 ; 1.6561e-18
95.8 ; 8.223e-41 ; 1.61936e-18
95.85 ; 7.80941e-41 ; 1.58344e-18
95.9 ; 7.41663e-41 ; 1.54831e-18
95.95 ; 7.0436e-41 ; 1.51396e-18
96 ; 6.68933e-41 ; 1.48037e-18
96.05 ; 6.35288e-41 ; 1.44753e-18
96.1 ; 6.03335e-41 ; 1.41542e-18
96.15 ; 5.7299e-41 ; 1.38402e-18
96.2 ; 5.44171e-41 ; 1.35331e-18
96.25 ; 5.16801e-41 ; 1.32329e-18
96.3 ; 4.90808e-41 ; 1.29393e-18
96.35 ; 4.66122e-41 ; 1.26523e-18
96.4 ; 4.42677e-41 ; 1.23716e-18
96.45 ; 4.20412e-41 ; 1.20971e-18
96.5 ; 3.99267e-41 ; 1.18288e-18
96.55 ; 3.79186e-41 ; 1.15663e-18
96.6 ; 3.60114e-41 ; 1.13097e-18
96.65 ; 3.42001e-41 ; 1.10588e-18
96.7 ; 3.248e-41 ; 1.08135e-18
96.75 ; 3.08464e-41 ; 1.05736e-18
96.8 ; 2.92949e-41 ; 1.0339e-18
96.85 ; 2.78215e-41 ; 1.01097e-18
96.9 ; 2.64222e-41 ; 9.88539e-19
96.95 ; 2.50932e-41 ; 9.66609e-19
97 ; 2.38311e-41 ; 9.45165e-19
97.05 ; 2.26325e-41 ; 9.24197e-19
97.1 ; 2.14942e-41 ; 9.03694e-19
97.15 ; 2.04131e-41 ; 8.83646e-19
97.2 ; 1.93864e-41 ; 8.64042e-19
97.25 ; 1.84113e-41 ; 8.44874e-19
97.3 ; 1.74853e-41 ; 8.26131e-19
97.35 ; 1.66059e-41 ; 8.07803e-19
97.4 ; 1.57706e-41 ; 7.89882e-19
97.45 ; 1.49774e-41 ; 7.72359e-19
97.5 ; 1.42241e-41 ; 7.55224e-19
97.55 ; 1.35087e-41 ; 7.3847e-19
97.6 ; 1.28293e-41 ; 7.22087e-19
97.65 ; 1.2184e-41 ; 7.06068e-19
97.7 ; 1.15712e-41 ; 6.90404e-19
97.75 ; 1.09892e-41 ; 6.75088e-19
97.8 ; 1.04365e-41 ; 6.60111e-19
97.85 ; 9.91157e-42 ; 6.45467e-19
97.9 ; 9.41306e-42 ; 6.31147e-19
97.95 ; 8.93961e-42 ; 6.17146e-19
98 ; 8.48998e-42 ; 6.03454e-19
98.05 ; 8.06297e-42 ; 5.90067e-19
98.1 ; 7.65743e-42 ; 5.76977e-19
98.15 ; 7.27229e-42 ; 5.64176e-19
98.2 ; 6.90652e-42 ; 5.5166e-19
98.25 ; 6.55915e-42 ; 5.39422e-19
98.3 ; 6.22925e-42 ; 5.27455e-19
98.35 ; 5.91594e-42 ; 5.15754e-19
98.4 ; 5.61839e-42 ; 5.04312e-19
98.45 ; 5.3358e-42 ; 4.93124e-19
98.5 ; 5.06743e-42 ; 4.82184e-19
98.55 ; 4.81256e-42 ; 4.71487e-19
98.6 ; 4.5705e-42 ; 4.61027e-19
98.65 ; 4.34062e-42 ; 4.50799e-19
98.7 ; 4.12231e-42 ; 4.40799e-19
98.75 ; 3.91497e-42 ; 4.3102e-19
98.8 ; 3.71806e-42 ; 4.21458e-19
98.85 ; 3.53106e-42 ; 4.12108e-19
98.9 ; 3.35346e-42 ; 4.02965e-19
98.95 ; 3.18479e-42 ; 3.94026e-19
99 ; 3.02461e-42 ; 3.85284e-19
99.05 ; 2.87248e-42 ; 3.76737e-19
99.1 ; 2.72801e-42 ; 3.68379e-19
99.15 ; 2.5908e-42 ; 3.60207e-19
99.2 ; 2.46049e-42 ; 3.52216e-19
99.25 ; 2.33674e-42 ; 3.44402e-19
99.3 ; 2.21921e-42 ; 3.36761e-19
99.35 ; 2.10759e-42 ; 3.2929e-19
99.4 ; 2.00158e-42 ; 3.21985e-19
99.45 ; 1.90091e-42 ; 3.14842e-19
99.5 ; 1.8053e-42 ; 3.07857e-19
99.55 ; 1.7145e-42 ; 3.01028e-19
99.6 ; 1.62827e-42 ; 2.9435e-19
99.65 ; 1.54637e-42 ; 2.87819e-19
99.7 ; 1.4686e-42 ; 2.81434e-19
99.75 ; 1.39473e-42 ; 2.75191e-19
99.8 ; 1.32458e-42 ; 2.69086e-19
99.85 ; 1.25796e-42 ; 2.63116e-19
99.9 ; 1.19469e-42 ; 2.57279e-19
99.95 ; 1.1346e-42 ; 2.51571e-19
100 ; 1.07753e-42 ; 2.4599e-19
