0 ; 0.986103 ; 0.161207
0.05 ; 0.97282 ; 0.162407
0.1 ; 0.960105 ; 0.163603
0.15 ; 0.947916 ; 0.164792
0.2 ; 0.936215 ; 0.165975
0.25 ; 0.924967 ; 0.167152
0.3 ; 0.91414 ; 0.168323
0.35 ; 0.903707 ; 0.169487
0.4 ; 0.89364 ; 0.170645
0.45 ; 0.883915 ; 0.171796
0.5 ; 0.874511 ; 0.17294
0.55 ; 0.865408 ; 0.174077
0.6 ; 0.856586 ; 0.175207
0.65 ; 0.848028 ; 0.17633
0.7 ; 0.839718 ; 0.177446
0.75 ; 0.831643 ; 0.178554
0.8 ; 0.823787 ; 0.179655
0.85 ; 0.816139 ; 0.180747
0.9 ; 0.808687 ; 0.181832
0.95 ; 0.80142 ; 0.182909
1 ; 0.794328 ; 0.183978
1.05 ; 0.787401 ; 0.185038
1.1 ; 0.780631 ; 0.18609
1.15 ; 0.77401 ; 0.187133
1.2 ; 0.767529 ; 0.188167
1.25 ; 0.761183 ; 0.189193
1.3 ; 0.754963 ; 0.19021
1.35 ; 0.748865 ; 0.191217
1.4 ; 0.742881 ; 0.192215
1.45 ; 0.737007 ; 0.193204
1.5 ; 0.731237 ; 0.194183
1.55 ; 0.725567 ; 0.195152
1.6 ; 0.719992 ; 0.196112
1.65 ; 0.714508 ; 0.197062
1.7 ; 0.709111 ; 0.198002
1.75 ; 0.703796 ; 0.198931
1.8 ; 0.698561 ; 0.19985
1.85 ; 0.693402 ; 0.200759
1.9 ; 0.688315 ; 0.201657
1.95 ; 0.683299 ; 0.202544
2 ; 0.67835 ; 0.203421
2.05 ; 0.673465 ; 0.204287
2.1 ; 0.668642 ; 0.205141
2.15 ; 0.663879 ; 0.205985
2.2 ; 0.659172 ; 0.206817
2.25 ; 0.654521 ; 0.207638
2.3 ; 0.649924 ; 0.208447
2.35 ; 0.645377 ; 0.209245
2.4 ; 0.64088 ; 0.210031
2.45 ; 0.63643 ; 0.210805
2.5 ; 0.632027 ; 0.211568
2.55 ; 0.627668 ; 0.212318
2.6 ; 0.623353 ; 0.213056
2.65 ; 0.619079 ; 0.213783
2.7 ; 0.614845 ; 0.214496
2.75 ; 0.610651 ; 0.215198
2.8 ; 0.606495 ; 0.215887
2.85 ; 0.602375 ; 0.216564
2.9 ; 0.598292 ; 0.217227
2.95 ; 0.594243 ; 0.217879
3 ; 0.590228 ; 0.218517
3.05 ; 0.586246 ; 0.219143
3.1 ; 0.582297 ; 0.219756
3.15 ; 0.578378 ; 0.220356
3.2 ; 0.57449 ; 0.220943
3.25 ; 0.570632 ; 0.221516
3.3 ; 0.566803 ; 0.222077
3.35 ; 0.563002 ; 0.222624
3.4 ; 0.559229 ; 0.223159
3.45 ; 0.555483 ; 0.22368
3.5 ; 0.551764 ; 0.224187
3.55 ; 0.54807 ; 0.224682
3.6 ; 0.544402 ; 0.225162
3.65 ; 0.540759 ; 0.22563
3.7 ; 0.537141 ; 0.226084
3.75 ; 0.533546 ; 0.226524
3.8 ; 0.529975 ; 0.226951
3.85 ; 0.526428 ; 0.227364
3.9 ; 0.522903 ; 0.227764
3.95 ; 0.519401 ; 0.22815
4 ; 0.51592 ; 0.228523
4.05 ; 0.512462 ; 0.228882
4.1 ; 0.509025 ; 0.229227
4.15 ; 0.505609 ; 0.229558
4.2 ; 0.502214 ; 0.229876
4.25 ; 0.498839 ; 0.230181
4.3 ; 0.495485 ; 0.230471
4.35 ; 0.49215 ; 0.230748
4.4 ; 0.488836 ; 0.231012
4.45 ; 0.485541 ; 0.231261
4.5 ; 0.482265 ; 0.231498
4.55 ; 0.479008 ; 0.23172
4.6 ; 0.475771 ; 0.231929
4.65 ; 0.472552 ; 0.232124
4.7 ; 0.469352 ; 0.232306
4.75 ; 0.466169 ; 0.232475
4.8 ; 0.463006 ; 0.232629
4.85 ; 0.45986 ; 0.232771
4.9 ; 0.456732 ; 0.232899
4.95 ; 0.453622 ; 0.233014
5 ; 0.450529 ; 0.233115
5.05 ; 0.447454 ; 0.233203
5.1 ; 0.444396 ; 0.233278
5.15 ; 0.441355 ; 0.233339
5.2 ; 0.438332 ; 0.233388
5.25 ; 0.435325 ; 0.233423
5.3 ; 0.432335 ; 0.233445
5.35 ; 0.429362 ; 0.233454
5.4 ; 0.426406 ; 0.233451
5.45 ; 0.423466 ; 0.233434
5.5 ; 0.420542 ; 0.233405
5.55 ; 0.417635 ; 0.233363
5.6 ; 0.414745 ; 0.233308
5.65 ; 0.41187 ; 0.233241
5.7 ; 0.409011 ; 0.233161
5.75 ; 0.406169 ; 0.233069
5.8 ; 0.403342 ; 0.232964
5.85 ; 0.400532 ; 0.232847
5.9 ; 0.397737 ; 0.232718
5.95 ; 0.394957 ; 0.232577
6 ; 0.392194 ; 0.232424
6.05 ; 0.389446 ; 0.232258
6.1 ; 0.386713 ; 0.232081
6.15 ; 0.383996 ; 0.231892
6.2 ; 0.381295 ; 0.231692
6.25 ; 0.378608 ; 0.231479
6.3 ; 0.375937 ; 0.231255
6.35 ; 0.373282 ; 0.23102
6.4 ; 0.370641 ; 0.230774
6.45 ; 0.368015 ; 0.230516
6.5 ; 0.365405 ; 0.230247
6.55 ; 0.362809 ; 0.229967
6.6 ; 0.360228 ; 0.229676
6.65 ; 0.357663 ; 0.229375
6.7 ; 0.355112 ; 0.229062
6.75 ; 0.352576 ; 0.228739
6.8 ; 0.350054 ; 0.228406
6.85 ; 0.347547 ; 0.228062
6.9 ; 0.345055 ; 0.227708
6.95 ; 0.342578 ; 0.227344
7 ; 0.340114 ; 0.226969
7.05 ; 0.337666 ; 0.226585
7.1 ; 0.335232 ; 0.226191
7.15 ; 0.332812 ; 0.225787
7.2 ; 0.330406 ; 0.225373
7.25 ; 0.328015 ; 0.22495
7.3 ; 0.325638 ; 0.224517
7.35 ; 0.323275 ; 0.224076
7.4 ; 0.320926 ; 0.223625
7.45 ; 0.318592 ; 0.223165
7.5 ; 0.316271 ; 0.222696
7.55 ; 0.313964 ; 0.222218
7.6 ; 0.311672 ; 0.221732
7.65 ; 0.309393 ; 0.221237
7.7 ; 0.307128 ; 0.220734
7.75 ; 0.304877 ; 0.220222
7.8 ; 0.302639 ; 0.219702
7.85 ; 0.300415 ; 0.219174
7.9 ; 0.298205 ; 0.218638
7.95 ; 0.296009 ; 0.218094
8 ; 0.293825 ; 0.217542
8.05 ; 0.291656 ; 0.216983
8.1 ; 0.2895 ; 0.216416
8.15 ; 0.287357 ; 0.215842
8.2 ; 0.285228 ; 0.215261
8.25 ; 0.283112 ; 0.214672
8.3 ; 0.281009 ; 0.214077
8.35 ; 0.278919 ; 0.213474
8.4 ; 0.276842 ; 0.212865
8.45 ; 0.274779 ; 0.212249
8.5 ; 0.272728 ; 0.211627
8.55 ; 0.270691 ; 0.210998
8.6 ; 0.268666 ; 0.210363
8.65 ; 0.266655 ; 0.209721
8.7 ; 0.264656 ; 0.209074
8.75 ; 0.26267 ; 0.20842
8.8 ; 0.260696 ; 0.207761
8.85 ; 0.258736 ; 0.207096
8.9 ; 0.256788 ; 0.206426
8.95 ; 0.254852 ; 0.20575
9 ; 0.252929 ; 0.205069
9.05 ; 0.251019 ; 0.204382
9.1 ; 0.24912 ; 0.20369
9.15 ; 0.247235 ; 0.202994
9.2 ; 0.245361 ; 0.202292
9.25 ; 0.2435 ; 0.201586
9.3 ; 0.241651 ; 0.200874
9.35 ; 0.239814 ; 0.200159
9.4 ; 0.237989 ; 0.199439
9.45 ; 0.236176 ; 0.198714
9.5 ; 0.234375 ; 0.197986
9.55 ; 0.232586 ; 0.197253
9.6 ; 0.230809 ; 0.196516
9.65 ; 0.229043 ; 0.195775
9.7 ; 0.22729 ; 0.195031
9.75 ; 0.225548 ; 0.194282
9.8 ; 0.223817 ; 0.193531
9.85 ; 0.222099 ; 0.192775
9.9 ; 0.220391 ; 0.192017
9.95 ; 0.218695 ; 0.191255
10 ; 0.217011 ; 0.19049
10.05 ; 0.215338 ; 0.189721
10.1 ; 0.213676 ; 0.18895
10.15 ; 0.212025 ; 0.188176
10.2 ; 0.210386 ; 0.187399
10.25 ; 0.208758 ; 0.18662
10.3 ; 0.207141 ; 0.185838
10.35 ; 0.205534 ; 0.185053
10.4 ; 0.203939 ; 0.184266
10.45 ; 0.202355 ; 0.183477
10.5 ; 0.200781 ; 0.182686
10.55 ; 0.199218 ; 0.181892
10.6 ; 0.197666 ; 0.181097
10.65 ; 0.196125 ; 0.1803
10.7 ; 0.194594 ; 0.1795
10.75 ; 0.193073 ; 0.1787
10.8 ; 0.191563 ; 0.177897
10.85 ; 0.190064 ; 0.177093
10.9 ; 0.188575 ; 0.176287
10.95 ; 0.187096 ; 0.17548
11 ; 0.185628 ; 0.174672
11.05 ; 0.184169 ; 0.173863
11.1 ; 0.182721 ; 0.173052
11.15 ; 0.181283 ; 0.17224
11.2 ; 0.179855 ; 0.171428
11.25 ; 0.178437 ; 0.170614
11.3 ; 0.177028 ; 0.1698
11.35 ; 0.17563 ; 0.168985
11.4 ; 0.174241 ; 0.168169
11.45 ; 0.172862 ; 0.167353
11.5 ; 0.171493 ; 0.166536
11.55 ; 0.170134 ; 0.165719
11.6 ; 0.168784 ; 0.164901
11.65 ; 0.167443 ; 0.164083
11.7 ; 0.166112 ; 0.163265
11.75 ; 0.16479 ; 0.162447
11.8 ; 0.163478 ; 0.161629
11.85 ; 0.162175 ; 0.16081
11.9 ; 0.160881 ; 0.159992
11.95 ; 0.159596 ; 0.159174
12 ; 0.15832 ; 0.158356
12.05 ; 0.157054 ; 0.157539
12.1 ; 0.155796 ; 0.156721
12.15 ; 0.154548 ; 0.155904
12.2 ; 0.153308 ; 0.155088
12.25 ; 0.152077 ; 0.154272
12.3 ; 0.150855 ; 0.153457
12.35 ; 0.149641 ; 0.152642
12.4 ; 0.148436 ; 0.151828
12.45 ; 0.14724 ; 0.151015
12.5 ; 0.146052 ; 0.150202
12.55 ; 0.144873 ; 0.14939
12.6 ; 0.143702 ; 0.14858
12.65 ; 0.14254 ; 0.14777
12.7 ; 0.141386 ; 0.146961
12.75 ; 0.14024 ; 0.146153
12.8 ; 0.139103 ; 0.145347
12.85 ; 0.137973 ; 0.144541
12.9 ; 0.136852 ; 0.143737
12.95 ; 0.135739 ; 0.142934
13 ; 0.134634 ; 0.142133
13.05 ; 0.133536 ; 0.141332
13.1 ; 0.132447 ; 0.140534
13.15 ; 0.131366 ; 0.139736
13.2 ; 0.130292 ; 0.13894
13.25 ; 0.129226 ; 0.138146
13.3 ; 0.128168 ; 0.137353
13.35 ; 0.127117 ; 0.136562
13.4 ; 0.126074 ; 0.135773
13.45 ; 0.125038 ; 0.134985
13.5 ; 0.12401 ; 0.134199
13.55 ; 0.12299 ; 0.133414
13.6 ; 0.121976 ; 0.132632
13.65 ; 0.12097 ; 0.131851
13.7 ; 0.119972 ; 0.131073
13.75 ; 0.11898 ; 0.130296
13.8 ; 0.117996 ; 0.129521
13.85 ; 0.117019 ; 0.128748
13.9 ; 0.116049 ; 0.127977
13.95 ; 0.115086 ; 0.127208
14 ; 0.11413 ; 0.126442
14.05 ; 0.113181 ; 0.125677
14.1 ; 0.112239 ; 0.124915
14.15 ; 0.111303 ; 0.124155
14.2 ; 0.110375 ; 0.123397
14.25 ; 0.109453 ; 0.122641
14.3 ; 0.108538 ; 0.121887
14.35 ; 0.107629 ; 0.121136
14.4 ; 0.106727 ; 0.120387
14.45 ; 0.105832 ; 0.11964
14.5 ; 0.104943 ; 0.118896
14.55 ; 0.10406 ; 0.118154
14.6 ; 0.103184 ; 0.117415
14.65 ; 0.102315 ; 0.116678
14.7 ; 0.101451 ; 0.115943
14.75 ; 0.100594 ; 0.115211
14.8 ; 0.0997434 ; 0.114481
14.85 ; 0.0988987 ; 0.113754
14.9 ; 0.0980601 ; 0.11303
14.95 ; 0.0972276 ; 0.112308
15 ; 0.0964012 ; 0.111588
15.05 ; 0.0955807 ; 0.110871
15.1 ; 0.0947662 ; 0.110157
15.15 ; 0.0939576 ; 0.109445
15.2 ; 0.0931549 ; 0.108736
15.25 ; 0.092358 ; 0.10803
15.3 ; 0.0915669 ; 0.107326
15.35 ; 0.0907815 ; 0.106625
15.4 ; 0.0900018 ; 0.105927
15.45 ; 0.0892277 ; 0.105231
15.5 ; 0.0884593 ; 0.104538
15.55 ; 0.0876964 ; 0.103848
15.6 ; 0.0869391 ; 0.103161
15.65 ; 0.0861872 ; 0.102476
15.7 ; 0.0854408 ; 0.101794
15.75 ; 0.0846997 ; 0.101115
15.8 ; 0.0839641 ; 0.100439
15.85 ; 0.0832337 ; 0.0997652
15.9 ; 0.0825087 ; 0.0990944
15.95 ; 0.0817888 ; 0.0984265
16 ; 0.0810742 ; 0.0977613
16.05 ; 0.0803647 ; 0.097099
16.1 ; 0.0796604 ; 0.0964396
16.15 ; 0.0789611 ; 0.0957829
16.2 ; 0.0782668 ; 0.0951291
16.25 ; 0.0775776 ; 0.0944782
16.3 ; 0.0768933 ; 0.0938301
16.35 ; 0.076214 ; 0.0931849
16.4 ; 0.0755396 ; 0.0925425
16.45 ; 0.07487 ; 0.0919031
16.5 ; 0.0742052 ; 0.0912664
16.55 ; 0.0735452 ; 0.0906327
16.6 ; 0.0728899 ; 0.0900018
16.65 ; 0.0722394 ; 0.0893739
16.7 ; 0.0715935 ; 0.0887488
16.75 ; 0.0709522 ; 0.0881266
16.8 ; 0.0703155 ; 0.0875073
16.85 ; 0.0696834 ; 0.0868908
16.9 ; 0.0690558 ; 0.0862773
16.95 ; 0.0684327 ; 0.0856666
17 ; 0.0678141 ; 0.0850589
17.05 ; 0.0671999 ; 0.084454
17.1 ; 0.06659 ; 0.083852
17.15 ; 0.0659846 ; 0.083253
17.2 ; 0.0653834 ; 0.0826568
17.25 ; 0.0647865 ; 0.0820634
17.3 ; 0.0641939 ; 0.081473
17.35 ; 0.0636054 ; 0.0808855
17.4 ; 0.0630212 ; 0.0803008
17.45 ; 0.0624411 ; 0.079719
17.5 ; 0.0618652 ; 0.0791401
17.55 ; 0.0612933 ; 0.0785641
17.6 ; 0.0607254 ; 0.0779909
17.65 ; 0.0601616 ; 0.0774207
17.7 ; 0.0596018 ; 0.0768532
17.75 ; 0.059046 ; 0.0762887
17.8 ; 0.058494 ; 0.0757269
17.85 ; 0.057946 ; 0.0751681
17.9 ; 0.0574019 ; 0.0746121
17.95 ; 0.0568615 ; 0.0740589
18 ; 0.056325 ; 0.0735085
18.05 ; 0.0557923 ; 0.072961
18.1 ; 0.0552633 ; 0.0724163
18.15 ; 0.054738 ; 0.0718745
18.2 ; 0.0542164 ; 0.0713354
18.25 ; 0.0536985 ; 0.0707992
18.3 ; 0.0531842 ; 0.0702657
18.35 ; 0.0526735 ; 0.0697351
18.4 ; 0.0521664 ; 0.0692072
18.45 ; 0.0516628 ; 0.0686822
18.5 ; 0.0511627 ; 0.0681599
18.55 ; 0.0506662 ; 0.0676403
18.6 ; 0.0501731 ; 0.0671236
18.65 ; 0.0496834 ; 0.0666095
18.7 ; 0.0491972 ; 0.0660983
18.75 ; 0.0487143 ; 0.0655897
18.8 ; 0.0482348 ; 0.0650839
18.85 ; 0.0477586 ; 0.0645808
18.9 ; 0.0472858 ; 0.0640805
18.95 ; 0.0468162 ; 0.0635828
19 ; 0.0463499 ; 0.0630878
19.05 ; 0.0458868 ; 0.0625955
19.1 ; 0.0454269 ; 0.0621059
19.15 ; 0.0449702 ; 0.061619
19.2 ; 0.0445166 ; 0.0611347
19.25 ; 0.0440662 ; 0.0606531
19.3 ; 0.0436189 ; 0.0601741
19.35 ; 0.0431747 ; 0.0596978
19.4 ; 0.0427335 ; 0.059224
19.45 ; 0.0422954 ; 0.0587529
19.5 ; 0.0418603 ; 0.0582844
19.55 ; 0.0414282 ; 0.0578185
19.6 ; 0.0409991 ; 0.0573552
19.65 ; 0.0405729 ; 0.0568945
19.7 ; 0.0401496 ; 0.0564363
19.75 ; 0.0397293 ; 0.0559807
19.8 ; 0.0393118 ; 0.0555276
19.85 ; 0.0388973 ; 0.0550771
19.9 ; 0.0384855 ; 0.054629
19.95 ; 0.0380766 ; 0.0541835
20 ; 0.0376705 ; 0.0537406
20.05 ; 0.0372671 ; 0.0533001
20.1 ; 0.0368666 ; 0.052862
20.15 ; 0.0364688 ; 0.0524265
20.2 ; 0.0360737 ; 0.0519934
20.25 ; 0.0356813 ; 0.0515628
20.3 ; 0.0352916 ; 0.0511346
20.35 ; 0.0349046 ; 0.0507089
20.4 ; 0.0345202 ; 0.0502855
20.45 ; 0.0341384 ; 0.0498646
20.5 ; 0.0337593 ; 0.0494461
20.55 ; 0.0333828 ; 0.04903
20.6 ; 0.0330088 ; 0.0486162
20.65 ; 0.0326375 ; 0.0482048
20.7 ; 0.0322686 ; 0.0477958
20.75 ; 0.0319023 ; 0.0473891
20.8 ; 0.0315386 ; 0.0469848
20.85 ; 0.0311773 ; 0.0465827
20.9 ; 0.0308185 ; 0.046183
20.95 ; 0.0304622 ; 0.0457856
21 ; 0.0301083 ; 0.0453905
21.05 ; 0.0297569 ; 0.0449976
21.1 ; 0.0294079 ; 0.0446071
21.15 ; 0.0290613 ; 0.0442188
21.2 ; 0.0287171 ; 0.0438327
21.25 ; 0.0283753 ; 0.0434489
21.3 ; 0.0280359 ; 0.0430672
21.35 ; 0.0276989 ; 0.0426879
21.4 ; 0.0273641 ; 0.0423107
21.45 ; 0.0270318 ; 0.0419357
21.5 ; 0.0267017 ; 0.0415629
21.55 ; 0.0263739 ; 0.0411922
21.6 ; 0.0260485 ; 0.0408238
21.65 ; 0.0257253 ; 0.0404574
21.7 ; 0.0254045 ; 0.0400933
21.75 ; 0.0250858 ; 0.0397312
21.8 ; 0.0247695 ; 0.0393713
21.85 ; 0.0244554 ; 0.0390134
21.9 ; 0.0241435 ; 0.0386577
21.95 ; 0.0238338 ; 0.0383041
22 ; 0.0235264 ; 0.0379525
22.05 ; 0.0232212 ; 0.037603
22.1 ; 0.0229181 ; 0.0372556
22.15 ; 0.0226173 ; 0.0369102
22.2 ; 0.0223186 ; 0.0365668
22.25 ; 0.0220222 ; 0.0362255
22.3 ; 0.0217279 ; 0.0358862
22.35 ; 0.0214357 ; 0.0355489
22.4 ; 0.0211457 ; 0.0352135
22.45 ; 0.0208579 ; 0.0348802
22.5 ; 0.0205722 ; 0.0345489
22.55 ; 0.0202886 ; 0.0342195
22.6 ; 0.0200071 ; 0.0338921
22.65 ; 0.0197278 ; 0.0335666
22.7 ; 0.0194506 ; 0.0332431
22.75 ; 0.0191755 ; 0.0329215
22.8 ; 0.0189025 ; 0.0326018
22.85 ; 0.0186317 ; 0.0322841
22.9 ; 0.0183629 ; 0.0319682
22.95 ; 0.0180962 ; 0.0316542
23 ; 0.0178316 ; 0.0313422
23.05 ; 0.0175691 ; 0.031032
23.1 ; 0.0173087 ; 0.0307236
23.15 ; 0.0170503 ; 0.0304172
23.2 ; 0.0167941 ; 0.0301125
23.25 ; 0.0165399 ; 0.0298098
23.3 ; 0.0162878 ; 0.0295088
23.35 ; 0.0160378 ; 0.0292097
23.4 ; 0.0157898 ; 0.0289124
23.45 ; 0.0155439 ; 0.028617
23.5 ; 0.0153001 ; 0.0283233
23.55 ; 0.0150584 ; 0.0280314
23.6 ; 0.0148187 ; 0.0277413
23.65 ; 0.0145811 ; 0.027453
23.7 ; 0.0143455 ; 0.0271665
23.75 ; 0.014112 ; 0.0268817
23.8 ; 0.0138806 ; 0.0265988
23.85 ; 0.0136512 ; 0.0263175
23.9 ; 0.013424 ; 0.026038
23.95 ; 0.0131987 ; 0.0257603
24 ; 0.0129756 ; 0.0254843
24.05 ; 0.0127545 ; 0.02521
24.1 ; 0.0125355 ; 0.0249374
24.15 ; 0.0123185 ; 0.0246666
24.2 ; 0.0121037 ; 0.0243975
24.25 ; 0.0118909 ; 0.0241301
24.3 ; 0.0116801 ; 0.0238644
24.35 ; 0.0114715 ; 0.0236004
24.4 ; 0.0112649 ; 0.023338
24.45 ; 0.0110604 ; 0.0230774
24.5 ; 0.010858 ; 0.0228185
24.55 ; 0.0106577 ; 0.0225612
24.6 ; 0.0104595 ; 0.0223056
24.65 ; 0.0102633 ; 0.0220517
24.7 ; 0.0100693 ; 0.0217994
24.75 ; 0.0098773 ; 0.0215488
24.8 ; 0.00968742 ; 0.0212999
24.85 ; 0.00949965 ; 0.0210526
24.9 ; 0.00931397 ; 0.0208069
24.95 ; 0.00913039 ; 0.020563
25 ; 0.00894891 ; 0.0203206
25.05 ; 0.00876954 ; 0.0200799
25.1 ; 0.00859227 ; 0.0198409
25.15 ; 0.00841711 ; 0.0196034
25.2 ; 0.00824406 ; 0.0193676
25.25 ; 0.00807311 ; 0.0191335
25.3 ; 0.00790428 ; 0.018901
25.35 ; 0.00773756 ; 0.0186701
25.4 ; 0.00757296 ; 0.0184408
25.45 ; 0.00741046 ; 0.0182131
25.5 ; 0.00725009 ; 0.0179871
25.55 ; 0.00709182 ; 0.0177627
25.6 ; 0.00693568 ; 0.0175399
25.65 ; 0.00678164 ; 0.0173188
25.7 ; 0.00662972 ; 0.0170992
25.75 ; 0.00647992 ; 0.0168813
25.8 ; 0.00633223 ; 0.016665
25.85 ; 0.00618664 ; 0.0164503
25.9 ; 0.00604317 ; 0.0162372
25.95 ; 0.00590181 ; 0.0160258
26 ; 0.00576255 ; 0.0158159
26.05 ; 0.00562539 ; 0.0156077
26.1 ; 0.00549034 ; 0.0154011
26.15 ; 0.00535738 ; 0.0151961
26.2 ; 0.00522651 ; 0.0149927
26.25 ; 0.00509773 ; 0.014791
26.3 ; 0.00497103 ; 0.0145908
26.35 ; 0.00484641 ; 0.0143923
26.4 ; 0.00472386 ; 0.0141954
26.45 ; 0.00460338 ; 0.0140001
26.5 ; 0.00448496 ; 0.0138064
26.55 ; 0.00436859 ; 0.0136144
26.6 ; 0.00425427 ; 0.013424
26.65 ; 0.00414198 ; 0.0132352
26.7 ; 0.00403173 ; 0.013048
26.75 ; 0.00392349 ; 0.0128624
26.8 ; 0.00381726 ; 0.0126785
26.85 ; 0.00371303 ; 0.0124962
26.9 ; 0.00361079 ; 0.0123155
26.95 ; 0.00351052 ; 0.0121365
27 ; 0.00341223 ; 0.0119591
27.05 ; 0.00331588 ; 0.0117833
27.1 ; 0.00322148 ; 0.0116091
27.15 ; 0.003129 ; 0.0114366
27.2 ; 0.00303843 ; 0.0112657
27.25 ; 0.00294977 ; 0.0110964
27.3 ; 0.00286298 ; 0.0109288
27.35 ; 0.00277807 ; 0.0107628
27.4 ; 0.002695 ; 0.0105985
27.45 ; 0.00261378 ; 0.0104358
27.5 ; 0.00253436 ; 0.0102747
27.55 ; 0.00245675 ; 0.0101152
27.6 ; 0.00238092 ; 0.00995741
27.65 ; 0.00230686 ; 0.00980124
27.7 ; 0.00223454 ; 0.0096467
27.75 ; 0.00216394 ; 0.0094938
27.8 ; 0.00209505 ; 0.00934253
27.85 ; 0.00202784 ; 0.0091929
27.9 ; 0.00196229 ; 0.0090449
27.95 ; 0.00189839 ; 0.00889853
28 ; 0.0018361 ; 0.0087538
28.05 ; 0.00177542 ; 0.00861069
28.1 ; 0.00171631 ; 0.00846921
28.15 ; 0.00165875 ; 0.00832936
28.2 ; 0.00160272 ; 0.00819113
28.25 ; 0.0015482 ; 0.00805452
28.3 ; 0.00149516 ; 0.00791953
28.35 ; 0.00144357 ; 0.00778616
28.4 ; 0.00139343 ; 0.0076544
28.45 ; 0.00134469 ; 0.00752425
28.5 ; 0.00129734 ; 0.0073957
28.55 ; 0.00125134 ; 0.00726875
28.6 ; 0.00120669 ; 0.0071434
28.65 ; 0.00116334 ; 0.00701965
28.7 ; 0.00112128 ; 0.00689748
28.75 ; 0.00108048 ; 0.00677689
28.8 ; 0.00104092 ; 0.00665788
28.85 ; 0.00100256 ; 0.00654044
28.9 ; 0.000965395 ; 0.00642457
28.95 ; 0.000929385 ; 0.00631025
29 ; 0.000894509 ; 0.00619749
29.05 ; 0.000860742 ; 0.00608627
29.1 ; 0.000828059 ; 0.00597659
29.15 ; 0.000796434 ; 0.00586844
29.2 ; 0.000765844 ; 0.00576182
29.25 ; 0.000736263 ; 0.00565671
29.3 ; 0.000707666 ; 0.0055531
29.35 ; 0.00068003 ; 0.00545099
29.4 ; 0.00065333 ; 0.00535038
29.45 ; 0.000627542 ; 0.00525124
29.5 ; 0.000602642 ; 0.00515357
29.55 ; 0.000578608 ; 0.00505736
29.6 ; 0.000555415 ; 0.0049626
29.65 ; 0.00053304 ; 0.00486928
29.7 ; 0.000511462 ; 0.00477739
29.75 ; 0.000490657 ; 0.00468691
29.8 ; 0.000470604 ; 0.00459785
29.85 ; 0.00045128 ; 0.00451018
29.9 ; 0.000432665 ; 0.00442389
29.95 ; 0.000414738 ; 0.00433898
30 ; 0.000397477 ; 0.00425543
30.05 ; 0.000380862 ; 0.00417322
30.1 ; 0.000364875 ; 0.00409235
30.15 ; 0.000349493 ; 0.00401281
30.2 ; 0.0003347 ; 0.00393457
30.25 ; 0.000320476 ; 0.00385764
30.3 ; 0.000306802 ; 0.00378198
30.35 ; 0.00029366 ; 0.0037076
30.4 ; 0.000281034 ; 0.00363448
30.45 ; 0.000268905 ; 0.0035626
30.5 ; 0.000257257 ; 0.00349195
30.55 ; 0.000246073 ; 0.00342252
30.6 ; 0.000235338 ; 0.00335429
30.65 ; 0.000225036 ; 0.00328726
30.7 ; 0.000215151 ; 0.00322139
30.75 ; 0.000205669 ; 0.00315669
30.8 ; 0.000196576 ; 0.00309314
30.85 ; 0.000187857 ; 0.00303071
30.9 ; 0.000179499 ; 0.00296941
30.95 ; 0.000171488 ; 0.00290921
31 ; 0.000163812 ; 0.0028501
31.05 ; 0.000156458 ; 0.00279206
31.1 ; 0.000149415 ; 0.00273509
31.15 ; 0.000142669 ; 0.00267916
31.2 ; 0.000136211 ; 0.00262427
31.25 ; 0.000130028 ; 0.00257039
31.3 ; 0.000124111 ; 0.00251751
31.35 ; 0.000118448 ; 0.00246563
31.4 ; 0.000113031 ; 0.00241472
31.45 ; 0.000107848 ; 0.00236477
31.5 ; 0.000102891 ; 0.00231576
31.55 ; 9.81516e-05 ; 0.00226769
31.6 ; 9.36198e-05 ; 0.00222053
31.65 ; 8.92877e-05 ; 0.00217428
31.7 ; 8.5147e-05 ; 0.00212892
31.75 ; 8.119e-05 ; 0.00208443
31.8 ; 7.74091e-05 ; 0.00204081
31.85 ; 7.37969e-05 ; 0.00199803
31.9 ; 7.03465e-05 ; 0.00195609
31.95 ; 6.70512e-05 ; 0.00191497
32 ; 6.39043e-05 ; 0.00187466
32.05 ; 6.08995e-05 ; 0.00183514
32.1 ; 5.8031e-05 ; 0.00179641
32.15 ; 5.52928e-05 ; 0.00175844
32.2 ; 5.26793e-05 ; 0.00172122
32.25 ; 5.01853e-05 ; 0.00168475
32.3 ; 4.78055e-05 ; 0.00164901
32.35 ; 4.55349e-05 ; 0.00161398
32.4 ; 4.33689e-05 ; 0.00157966
32.45 ; 4.13028e-05 ; 0.00154603
32.5 ; 3.93323e-05 ; 0.00151308
32.55 ; 3.74531e-05 ; 0.00148079
32.6 ; 3.56612e-05 ; 0.00144917
32.65 ; 3.39527e-05 ; 0.00141818
32.7 ; 3.23239e-05 ; 0.00138783
32.75 ; 3.07713e-05 ; 0.0013581
32.8 ; 2.92914e-05 ; 0.00132898
32.85 ; 2.78809e-05 ; 0.00130046
32.9 ; 2.65368e-05 ; 0.00127252
32.95 ; 2.5256e-05 ; 0.00124516
33 ; 2.40356e-05 ; 0.00121836
33.05 ; 2.28729e-05 ; 0.00119212
33.1 ; 2.17653e-05 ; 0.00116643
33.15 ; 2.07102e-05 ; 0.00114127
33.2 ; 1.97053e-05 ; 0.00111663
33.25 ; 1.87481e-05 ; 0.00109251
33.3 ; 1.78366e-05 ; 0.00106889
33.35 ; 1.69686e-05 ; 0.00104576
33.4 ; 1.61421e-05 ; 0.00102312
33.45 ; 1.53551e-05 ; 0.00100096
33.5 ; 1.46059e-05 ; 0.000979256
33.55 ; 1.38926e-05 ; 0.000958013
33.6 ; 1.32136e-05 ; 0.000937218
33.65 ; 1.25672e-05 ; 0.000916863
33.7 ; 1.1952e-05 ; 0.000896937
33.75 ; 1.13665e-05 ; 0.000877434
33.8 ; 1.08093e-05 ; 0.000858344
33.85 ; 1.0279e-05 ; 0.000839659
33.9 ; 9.77434e-06 ; 0.000821372
33.95 ; 9.29415e-06 ; 0.000803473
34 ; 8.83725e-06 ; 0.000785956
34.05 ; 8.40254e-06 ; 0.000768813
34.1 ; 7.98895e-06 ; 0.000752035
34.15 ; 7.59548e-06 ; 0.000735616
34.2 ; 7.22117e-06 ; 0.000719548
34.25 ; 6.86511e-06 ; 0.000703825
34.3 ; 6.52641e-06 ; 0.000688438
34.35 ; 6.20425e-06 ; 0.000673382
34.4 ; 5.89783e-06 ; 0.000658649
34.45 ; 5.60639e-06 ; 0.000644232
34.5 ; 5.32922e-06 ; 0.000630126
34.55 ; 5.06562e-06 ; 0.000616324
34.6 ; 4.81494e-06 ; 0.000602819
34.65 ; 4.57656e-06 ; 0.000589606
34.7 ; 4.34988e-06 ; 0.000576678
34.75 ; 4.13433e-06 ; 0.000564029
34.8 ; 3.92938e-06 ; 0.000551653
34.85 ; 3.73451e-06 ; 0.000539546
34.9 ; 3.54923e-06 ; 0.0005277
34.95 ; 3.37307e-06 ; 0.000516111
35 ; 3.2056e-06 ; 0.000504774
35.05 ; 3.04638e-06 ; 0.000493682
35.1 ; 2.89501e-06 ; 0.000482831
35.15 ; 2.75112e-06 ; 0.000472216
35.2 ; 2.61433e-06 ; 0.000461832
35.25 ; 2.48431e-06 ; 0.000451673
35.3 ; 2.3607e-06 ; 0.000441736
35.35 ; 2.24322e-06 ; 0.000432015
35.4 ; 2.13154e-06 ; 0.000422505
35.45 ; 2.0254e-06 ; 0.000413203
35.5 ; 1.92451e-06 ; 0.000404104
35.55 ; 1.82862e-06 ; 0.000395203
35.6 ; 1.73749e-06 ; 0.000386496
35.65 ; 1.65087e-06 ; 0.00037798
35.7 ; 1.56855e-06 ; 0.00036965
35.75 ; 1.49032e-06 ; 0.000361501
35.8 ; 1.41597e-06 ; 0.000353531
35.85 ; 1.34531e-06 ; 0.000345735
35.9 ; 1.27816e-06 ; 0.00033811
35.95 ; 1.21436e-06 ; 0.000330652
36 ; 1.15372e-06 ; 0.000323357
36.05 ; 1.0961e-06 ; 0.000316222
36.1 ; 1.04135e-06 ; 0.000309243
36.15 ; 9.89318e-07 ; 0.000302418
36.2 ; 9.39879e-07 ; 0.000295742
36.25 ; 8.92903e-07 ; 0.000289212
36.3 ; 8.48266e-07 ; 0.000282826
36.35 ; 8.05854e-07 ; 0.00027658
36.4 ; 7.65555e-07 ; 0.000270471
36.45 ; 7.27265e-07 ; 0.000264496
36.5 ; 6.90885e-07 ; 0.000258652
36.55 ; 6.56319e-07 ; 0.000252937
36.6 ; 6.23477e-07 ; 0.000247348
36.65 ; 5.92274e-07 ; 0.000241881
36.7 ; 5.62629e-07 ; 0.000236535
36.75 ; 5.34463e-07 ; 0.000231306
36.8 ; 5.07704e-07 ; 0.000226193
36.85 ; 4.82282e-07 ; 0.000221192
36.9 ; 4.58129e-07 ; 0.000216301
36.95 ; 4.35183e-07 ; 0.000211518
37 ; 4.13384e-07 ; 0.00020684
37.05 ; 3.92674e-07 ; 0.000202265
37.1 ; 3.72999e-07 ; 0.000197791
37.15 ; 3.54309e-07 ; 0.000193415
37.2 ; 3.36553e-07 ; 0.000189136
37.25 ; 3.19685e-07 ; 0.000184952
37.3 ; 3.03661e-07 ; 0.000180859
37.35 ; 2.88438e-07 ; 0.000176857
37.4 ; 2.73977e-07 ; 0.000172943
37.45 ; 2.6024e-07 ; 0.000169116
37.5 ; 2.47191e-07 ; 0.000165372
37.55 ; 2.34795e-07 ; 0.000161712
37.6 ; 2.23019e-07 ; 0.000158132
37.65 ; 2.11834e-07 ; 0.000154632
37.7 ; 2.01208e-07 ; 0.000151208
37.75 ; 1.91115e-07 ; 0.000147861
37.8 ; 1.81527e-07 ; 0.000144587
37.85 ; 1.72419e-07 ; 0.000141385
37.9 ; 1.63768e-07 ; 0.000138254
37.95 ; 1.5555e-07 ; 0.000135193
38 ; 1.47744e-07 ; 0.000132199
38.05 ; 1.4033e-07 ; 0.000129271
38.1 ; 1.33287e-07 ; 0.000126408
38.15 ; 1.26597e-07 ; 0.000123608
38.2 ; 1.20243e-07 ; 0.00012087
38.25 ; 1.14207e-07 ; 0.000118192
38.3 ; 1.08473e-07 ; 0.000115574
38.35 ; 1.03028e-07 ; 0.000113014
38.4 ; 9.78551e-08 ; 0.00011051
38.45 ; 9.2942e-08 ; 0.000108062
38.5 ; 8.82753e-08 ; 0.000105668
38.55 ; 8.38427e-08 ; 0.000103326
38.6 ; 7.96325e-08 ; 0.000101037
38.65 ; 7.56335e-08 ; 9.8798e-05
38.7 ; 7.18351e-08 ; 9.66087e-05
38.75 ; 6.82274e-08 ; 9.44679e-05
38.8 ; 6.48007e-08 ; 9.23744e-05
38.85 ; 6.1546e-08 ; 9.03273e-05
38.9 ; 5.84546e-08 ; 8.83255e-05
38.95 ; 5.55184e-08 ; 8.6368e-05
39 ; 5.27296e-08 ; 8.44538e-05
39.05 ; 5.00807e-08 ; 8.2582e-05
39.1 ; 4.75649e-08 ; 8.07516e-05
39.15 ; 4.51753e-08 ; 7.89617e-05
39.2 ; 4.29057e-08 ; 7.72115e-05
39.25 ; 4.07501e-08 ; 7.55e-05
39.3 ; 3.87027e-08 ; 7.38264e-05
39.35 ; 3.67581e-08 ; 7.21899e-05
39.4 ; 3.49112e-08 ; 7.05896e-05
39.45 ; 3.3157e-08 ; 6.90248e-05
39.5 ; 3.14909e-08 ; 6.74946e-05
39.55 ; 2.99085e-08 ; 6.59983e-05
39.6 ; 2.84055e-08 ; 6.45352e-05
39.65 ; 2.69781e-08 ; 6.31044e-05
39.7 ; 2.56223e-08 ; 6.17054e-05
39.75 ; 2.43347e-08 ; 6.03373e-05
39.8 ; 2.31117e-08 ; 5.89996e-05
39.85 ; 2.19502e-08 ; 5.76915e-05
39.9 ; 2.0847e-08 ; 5.64123e-05
39.95 ; 1.97992e-08 ; 5.51615e-05
40 ; 1.88041e-08 ; 5.39385e-05
40.05 ; 1.7859e-08 ; 5.27425e-05
40.1 ; 1.69613e-08 ; 5.1573e-05
40.15 ; 1.61088e-08 ; 5.04294e-05
40.2 ; 1.52991e-08 ; 4.93112e-05
40.25 ; 1.45301e-08 ; 4.82178e-05
40.3 ; 1.37997e-08 ; 4.71486e-05
40.35 ; 1.3106e-08 ; 4.61031e-05
40.4 ; 1.24472e-08 ; 4.50807e-05
40.45 ; 1.18215e-08 ; 4.4081e-05
40.5 ; 1.12272e-08 ; 4.31035e-05
40.55 ; 1.06628e-08 ; 4.21476e-05
40.6 ; 1.01268e-08 ; 4.1213e-05
40.65 ; 9.61771e-09 ; 4.0299e-05
40.7 ; 9.13421e-09 ; 3.94053e-05
40.75 ; 8.675e-09 ; 3.85314e-05
40.8 ; 8.23887e-09 ; 3.76769e-05
40.85 ; 7.82467e-09 ; 3.68413e-05
40.9 ; 7.43128e-09 ; 3.60243e-05
40.95 ; 7.05767e-09 ; 3.52253e-05
41 ; 6.70283e-09 ; 3.44441e-05
41.05 ; 6.36583e-09 ; 3.36802e-05
41.1 ; 6.04578e-09 ; 3.29332e-05
41.15 ; 5.7418e-09 ; 3.22028e-05
41.2 ; 5.45311e-09 ; 3.14886e-05
41.25 ; 5.17894e-09 ; 3.07902e-05
41.3 ; 4.91854e-09 ; 3.01073e-05
41.35 ; 4.67124e-09 ; 2.94396e-05
41.4 ; 4.43636e-09 ; 2.87866e-05
41.45 ; 4.2133e-09 ; 2.81481e-05
41.5 ; 4.00145e-09 ; 2.75238e-05
41.55 ; 3.80025e-09 ; 2.69134e-05
41.6 ; 3.60916e-09 ; 2.63164e-05
41.65 ; 3.42768e-09 ; 2.57327e-05
41.7 ; 3.25533e-09 ; 2.5162e-05
41.75 ; 3.09164e-09 ; 2.46039e-05
41.8 ; 2.93618e-09 ; 2.40581e-05
41.85 ; 2.78854e-09 ; 2.35245e-05
41.9 ; 2.64832e-09 ; 2.30027e-05
41.95 ; 2.51515e-09 ; 2.24925e-05
42 ; 2.38867e-09 ; 2.19936e-05
42.05 ; 2.26856e-09 ; 2.15058e-05
42.1 ; 2.15448e-09 ; 2.10287e-05
42.15 ; 2.04614e-09 ; 2.05623e-05
42.2 ; 1.94325e-09 ; 2.01062e-05
42.25 ; 1.84553e-09 ; 1.96602e-05
42.3 ; 1.75272e-09 ; 1.92241e-05
42.35 ; 1.66458e-09 ; 1.87977e-05
42.4 ; 1.58087e-09 ; 1.83807e-05
42.45 ; 1.50137e-09 ; 1.7973e-05
42.5 ; 1.42587e-09 ; 1.75743e-05
42.55 ; 1.35417e-09 ; 1.71845e-05
42.6 ; 1.28607e-09 ; 1.68033e-05
42.65 ; 1.22139e-09 ; 1.64306e-05
42.7 ; 1.15997e-09 ; 1.60661e-05
42.75 ; 1.10164e-09 ; 1.57097e-05
42.8 ; 1.04624e-09 ; 1.53613e-05
42.85 ; 9.93623e-10 ; 1.50205e-05
42.9 ; 9.43653e-10 ; 1.46873e-05
42.95 ; 8.96197e-10 ; 1.43615e-05
43 ; 8.51127e-10 ; 1.40429e-05
43.05 ; 8.08324e-10 ; 1.37314e-05
43.1 ; 7.67673e-10 ; 1.34268e-05
43.15 ; 7.29066e-10 ; 1.3129e-05
43.2 ; 6.92401e-10 ; 1.28377e-05
43.25 ; 6.57579e-10 ; 1.2553e-05
43.3 ; 6.24509e-10 ; 1.22745e-05
43.35 ; 5.93101e-10 ; 1.20022e-05
43.4 ; 5.63273e-10 ; 1.1736e-05
43.45 ; 5.34946e-10 ; 1.14756e-05
43.5 ; 5.08042e-10 ; 1.12211e-05
43.55 ; 4.82492e-10 ; 1.09722e-05
43.6 ; 4.58226e-10 ; 1.07288e-05
43.65 ; 4.35181e-10 ; 1.04908e-05
43.7 ; 4.13295e-10 ; 1.0258e-05
43.75 ; 3.92509e-10 ; 1.00305e-05
43.8 ; 3.72769e-10 ; 9.80797e-06
43.85 ; 3.54022e-10 ; 9.59039e-06
43.9 ; 3.36217e-10 ; 9.37765e-06
43.95 ; 3.19308e-10 ; 9.16962e-06
44 ; 3.03249e-10 ; 8.9662e-06
44.05 ; 2.87997e-10 ; 8.7673e-06
44.1 ; 2.73513e-10 ; 8.57281e-06
44.15 ; 2.59757e-10 ; 8.38263e-06
44.2 ; 2.46693e-10 ; 8.19668e-06
44.25 ; 2.34286e-10 ; 8.01485e-06
44.3 ; 2.22503e-10 ; 7.83705e-06
44.35 ; 2.11313e-10 ; 7.66319e-06
44.4 ; 2.00685e-10 ; 7.49319e-06
44.45 ; 1.90592e-10 ; 7.32697e-06
44.5 ; 1.81006e-10 ; 7.16443e-06
44.55 ; 1.71903e-10 ; 7.00549e-06
44.6 ; 1.63257e-10 ; 6.85008e-06
44.65 ; 1.55046e-10 ; 6.69812e-06
44.7 ; 1.47248e-10 ; 6.54953e-06
44.75 ; 1.39843e-10 ; 6.40424e-06
44.8 ; 1.32809e-10 ; 6.26217e-06
44.85 ; 1.2613e-10 ; 6.12325e-06
44.9 ; 1.19786e-10 ; 5.98741e-06
44.95 ; 1.13762e-10 ; 5.85458e-06
45 ; 1.0804e-10 ; 5.7247e-06
45.05 ; 1.02606e-10 ; 5.59771e-06
45.1 ; 9.74457e-11 ; 5.47353e-06
45.15 ; 9.25447e-11 ; 5.3521e-06
45.2 ; 8.78902e-11 ; 5.23337e-06
45.25 ; 8.34698e-11 ; 5.11727e-06
45.3 ; 7.92717e-11 ; 5.00375e-06
45.35 ; 7.52848e-11 ; 4.89275e-06
45.4 ; 7.14983e-11 ; 4.78421e-06
45.45 ; 6.79023e-11 ; 4.67807e-06
45.5 ; 6.44872e-11 ; 4.57429e-06
45.55 ; 6.12438e-11 ; 4.47282e-06
45.6 ; 5.81635e-11 ; 4.37359e-06
45.65 ; 5.52382e-11 ; 4.27657e-06
45.7 ; 5.246e-11 ; 4.18169e-06
45.75 ; 4.98215e-11 ; 4.08893e-06
45.8 ; 4.73157e-11 ; 3.99822e-06
45.85 ; 4.4936e-11 ; 3.90952e-06
45.9 ; 4.26759e-11 ; 3.82279e-06
45.95 ; 4.05295e-11 ; 3.73798e-06
46 ; 3.84911e-11 ; 3.65506e-06
46.05 ; 3.65552e-11 ; 3.57397e-06
46.1 ; 3.47166e-11 ; 3.49469e-06
46.15 ; 3.29705e-11 ; 3.41716e-06
46.2 ; 3.13123e-11 ; 3.34135e-06
46.25 ; 2.97374e-11 ; 3.26723e-06
46.3 ; 2.82417e-11 ; 3.19474e-06
46.35 ; 2.68213e-11 ; 3.12387e-06
46.4 ; 2.54723e-11 ; 3.05457e-06
46.45 ; 2.41912e-11 ; 2.98681e-06
46.5 ; 2.29745e-11 ; 2.92055e-06
46.55 ; 2.1819e-11 ; 2.85575e-06
46.6 ; 2.07216e-11 ; 2.7924e-06
46.65 ; 1.96794e-11 ; 2.73045e-06
46.7 ; 1.86896e-11 ; 2.66988e-06
46.75 ; 1.77496e-11 ; 2.61065e-06
46.8 ; 1.68568e-11 ; 2.55273e-06
46.85 ; 1.6009e-11 ; 2.4961e-06
46.9 ; 1.52038e-11 ; 2.44073e-06
46.95 ; 1.44391e-11 ; 2.38658e-06
47 ; 1.37129e-11 ; 2.33364e-06
47.05 ; 1.30232e-11 ; 2.28187e-06
47.1 ; 1.23682e-11 ; 2.23124e-06
47.15 ; 1.17461e-11 ; 2.18175e-06
47.2 ; 1.11553e-11 ; 2.13335e-06
47.25 ; 1.05943e-11 ; 2.08602e-06
47.3 ; 1.00614e-11 ; 2.03974e-06
47.35 ; 9.55538e-12 ; 1.99449e-06
47.4 ; 9.07479e-12 ; 1.95024e-06
47.45 ; 8.61836e-12 ; 1.90698e-06
47.5 ; 8.18489e-12 ; 1.86467e-06
47.55 ; 7.77323e-12 ; 1.82331e-06
47.6 ; 7.38227e-12 ; 1.78286e-06
47.65 ; 7.01097e-12 ; 1.7433e-06
47.7 ; 6.65834e-12 ; 1.70463e-06
47.75 ; 6.32346e-12 ; 1.66681e-06
47.8 ; 6.00541e-12 ; 1.62984e-06
47.85 ; 5.70336e-12 ; 1.59368e-06
47.9 ; 5.41651e-12 ; 1.55832e-06
47.95 ; 5.14408e-12 ; 1.52375e-06
48 ; 4.88535e-12 ; 1.48995e-06
48.05 ; 4.63964e-12 ; 1.4569e-06
48.1 ; 4.40628e-12 ; 1.42458e-06
48.15 ; 4.18466e-12 ; 1.39297e-06
48.2 ; 3.97419e-12 ; 1.36207e-06
48.25 ; 3.77431e-12 ; 1.33185e-06
48.3 ; 3.58447e-12 ; 1.30231e-06
48.35 ; 3.40419e-12 ; 1.27341e-06
48.4 ; 3.23297e-12 ; 1.24516e-06
48.45 ; 3.07037e-12 ; 1.21754e-06
48.5 ; 2.91594e-12 ; 1.19053e-06
48.55 ; 2.76928e-12 ; 1.16412e-06
48.6 ; 2.62999e-12 ; 1.13829e-06
48.65 ; 2.49772e-12 ; 1.11304e-06
48.7 ; 2.37209e-12 ; 1.08835e-06
48.75 ; 2.25278e-12 ; 1.0642e-06
48.8 ; 2.13948e-12 ; 1.04059e-06
48.85 ; 2.03187e-12 ; 1.01751e-06
48.9 ; 1.92967e-12 ; 9.94936e-07
48.95 ; 1.83262e-12 ; 9.72864e-07
49 ; 1.74045e-12 ; 9.51282e-07
49.05 ; 1.65291e-12 ; 9.30178e-07
49.1 ; 1.56977e-12 ; 9.09542e-07
49.15 ; 1.49082e-12 ; 8.89364e-07
49.2 ; 1.41584e-12 ; 8.69634e-07
49.25 ; 1.34463e-12 ; 8.50342e-07
49.3 ; 1.277e-12 ; 8.31477e-07
49.35 ; 1.21277e-12 ; 8.13031e-07
49.4 ; 1.15177e-12 ; 7.94994e-07
49.45 ; 1.09384e-12 ; 7.77358e-07
49.5 ; 1.03882e-12 ; 7.60112e-07
49.55 ; 9.86575e-13 ; 7.43249e-07
49.6 ; 9.36954e-13 ; 7.26761e-07
49.65 ; 8.89829e-13 ; 7.10638e-07
49.7 ; 8.45074e-13 ; 6.94873e-07
49.75 ; 8.0257e-13 ; 6.79457e-07
49.8 ; 7.62204e-13 ; 6.64384e-07
49.85 ; 7.23868e-13 ; 6.49644e-07
49.9 ; 6.8746e-13 ; 6.35232e-07
49.95 ; 6.52883e-13 ; 6.2114e-07
50 ; 6.20046e-13 ; 6.0736e-07
50.05 ; 5.8886e-13 ; 5.93886e-07
50.1 ; 5.59242e-13 ; 5.80711e-07
50.15 ; 5.31115e-13 ; 5.67828e-07
50.2 ; 5.04401e-13 ; 5.55231e-07
50.25 ; 4.79032e-13 ; 5.42913e-07
50.3 ; 4.54938e-13 ; 5.30869e-07
50.35 ; 4.32057e-13 ; 5.19092e-07
50.4 ; 4.10326e-13 ; 5.07576e-07
50.45 ; 3.89688e-13 ; 4.96316e-07
50.5 ; 3.70088e-13 ; 4.85305e-07
50.55 ; 3.51474e-13 ; 4.74539e-07
50.6 ; 3.33796e-13 ; 4.64011e-07
50.65 ; 3.17008e-13 ; 4.53717e-07
50.7 ; 3.01063e-13 ; 4.43652e-07
50.75 ; 2.85921e-13 ; 4.3381e-07
50.8 ; 2.7154e-13 ; 4.24186e-07
50.85 ; 2.57883e-13 ; 4.14775e-07
50.9 ; 2.44912e-13 ; 4.05574e-07
50.95 ; 2.32594e-13 ; 3.96576e-07
51 ; 2.20895e-13 ; 3.87778e-07
51.05 ; 2.09785e-13 ; 3.79175e-07
51.1 ; 1.99234e-13 ; 3.70764e-07
51.15 ; 1.89213e-13 ; 3.62538e-07
51.2 ; 1.79696e-13 ; 3.54496e-07
51.25 ; 1.70658e-13 ; 3.46631e-07
51.3 ; 1.62075e-13 ; 3.38941e-07
51.35 ; 1.53923e-13 ; 3.31422e-07
51.4 ; 1.46181e-13 ; 3.24069e-07
51.45 ; 1.38829e-13 ; 3.1688e-07
51.5 ; 1.31846e-13 ; 3.0985e-07
51.55 ; 1.25215e-13 ; 3.02976e-07
51.6 ; 1.18917e-13 ; 2.96255e-07
51.65 ; 1.12936e-13 ; 2.89683e-07
51.7 ; 1.07256e-13 ; 2.83256e-07
51.75 ; 1.01861e-13 ; 2.76972e-07
51.8 ; 9.67379e-14 ; 2.70828e-07
51.85 ; 9.18723e-14 ; 2.64819e-07
51.9 ; 8.72515e-14 ; 2.58944e-07
51.95 ; 8.28631e-14 ; 2.532e-07
52 ; 7.86954e-14 ; 2.47583e-07
52.05 ; 7.47373e-14 ; 2.4209e-07
52.1 ; 7.09783e-14 ; 2.36719e-07
52.15 ; 6.74083e-14 ; 2.31468e-07
52.2 ; 6.40179e-14 ; 2.26333e-07
52.25 ; 6.07981e-14 ; 2.21312e-07
52.3 ; 5.77401e-14 ; 2.16402e-07
52.35 ; 5.4836e-14 ; 2.11601e-07
52.4 ; 5.2078e-14 ; 2.06907e-07
52.45 ; 4.94586e-14 ; 2.02317e-07
52.5 ; 4.69711e-14 ; 1.97828e-07
52.55 ; 4.46086e-14 ; 1.9344e-07
52.6 ; 4.23649e-14 ; 1.89148e-07
52.65 ; 4.02341e-14 ; 1.84952e-07
52.7 ; 3.82105e-14 ; 1.80849e-07
52.75 ; 3.62887e-14 ; 1.76837e-07
52.8 ; 3.44635e-14 ; 1.72914e-07
52.85 ; 3.27301e-14 ; 1.69078e-07
52.9 ; 3.10839e-14 ; 1.65327e-07
52.95 ; 2.95205e-14 ; 1.61659e-07
53 ; 2.80357e-14 ; 1.58073e-07
53.05 ; 2.66256e-14 ; 1.54566e-07
53.1 ; 2.52864e-14 ; 1.51137e-07
53.15 ; 2.40146e-14 ; 1.47784e-07
53.2 ; 2.28068e-14 ; 1.44506e-07
53.25 ; 2.16597e-14 ; 1.413e-07
53.3 ; 2.05703e-14 ; 1.38165e-07
53.35 ; 1.95357e-14 ; 1.351e-07
53.4 ; 1.85531e-14 ; 1.32103e-07
53.45 ; 1.76199e-14 ; 1.29172e-07
53.5 ; 1.67337e-14 ; 1.26306e-07
53.55 ; 1.58921e-14 ; 1.23504e-07
53.6 ; 1.50928e-14 ; 1.20764e-07
53.65 ; 1.43337e-14 ; 1.18085e-07
53.7 ; 1.36127e-14 ; 1.15466e-07
53.75 ; 1.29281e-14 ; 1.12904e-07
53.8 ; 1.22778e-14 ; 1.10399e-07
53.85 ; 1.16603e-14 ; 1.0795e-07
53.9 ; 1.10738e-14 ; 1.05555e-07
53.95 ; 1.05168e-14 ; 1.03214e-07
54 ; 9.98789e-15 ; 1.00924e-07
54.05 ; 9.48554e-15 ; 9.86849e-08
54.1 ; 9.00845e-15 ; 9.64956e-08
54.15 ; 8.55536e-15 ; 9.43549e-08
54.2 ; 8.12505e-15 ; 9.22617e-08
54.25 ; 7.71639e-15 ; 9.02149e-08
54.3 ; 7.32829e-15 ; 8.82135e-08
54.35 ; 6.9597e-15 ; 8.62565e-08
54.4 ; 6.60965e-15 ; 8.43429e-08
54.45 ; 6.27721e-15 ; 8.24718e-08
54.5 ; 5.96149e-15 ; 8.06422e-08
54.55 ; 5.66165e-15 ; 7.88532e-08
54.6 ; 5.37689e-15 ; 7.71039e-08
54.65 ; 5.10645e-15 ; 7.53933e-08
54.7 ; 4.84962e-15 ; 7.37208e-08
54.75 ; 4.6057e-15 ; 7.20853e-08
54.8 ; 4.37405e-15 ; 7.04861e-08
54.85 ; 4.15405e-15 ; 6.89224e-08
54.9 ; 3.94512e-15 ; 6.73934e-08
54.95 ; 3.74669e-15 ; 6.58983e-08
55 ; 3.55825e-15 ; 6.44363e-08
55.05 ; 3.37928e-15 ; 6.30068e-08
55.1 ; 3.20931e-15 ; 6.1609e-08
55.15 ; 3.0479e-15 ; 6.02423e-08
55.2 ; 2.8946e-15 ; 5.89058e-08
55.25 ; 2.74901e-15 ; 5.7599e-08
55.3 ; 2.61075e-15 ; 5.63212e-08
55.35 ; 2.47944e-15 ; 5.50717e-08
55.4 ; 2.35473e-15 ; 5.385e-08
55.45 ; 2.23629e-15 ; 5.26553e-08
55.5 ; 2.12382e-15 ; 5.14872e-08
55.55 ; 2.017e-15 ; 5.0345e-08
55.6 ; 1.91555e-15 ; 4.92281e-08
55.65 ; 1.8192e-15 ; 4.8136e-08
55.7 ; 1.7277e-15 ; 4.70681e-08
55.75 ; 1.64081e-15 ; 4.60239e-08
55.8 ; 1.55828e-15 ; 4.50029e-08
55.85 ; 1.4799e-15 ; 4.40045e-08
55.9 ; 1.40547e-15 ; 4.30283e-08
55.95 ; 1.33478e-15 ; 4.20737e-08
56 ; 1.26765e-15 ; 4.11403e-08
56.05 ; 1.20389e-15 ; 4.02276e-08
56.1 ; 1.14334e-15 ; 3.93352e-08
56.15 ; 1.08583e-15 ; 3.84626e-08
56.2 ; 1.03122e-15 ; 3.76093e-08
56.25 ; 9.79352e-16 ; 3.67749e-08
56.3 ; 9.30094e-16 ; 3.59591e-08
56.35 ; 8.83314e-16 ; 3.51613e-08
56.4 ; 8.38886e-16 ; 3.43813e-08
56.45 ; 7.96693e-16 ; 3.36186e-08
56.5 ; 7.56622e-16 ; 3.28727e-08
56.55 ; 7.18567e-16 ; 3.21435e-08
56.6 ; 6.82426e-16 ; 3.14304e-08
56.65 ; 6.48102e-16 ; 3.07331e-08
56.7 ; 6.15505e-16 ; 3.00513e-08
56.75 ; 5.84547e-16 ; 2.93846e-08
56.8 ; 5.55147e-16 ; 2.87327e-08
56.85 ; 5.27225e-16 ; 2.80953e-08
56.9 ; 5.00707e-16 ; 2.7472e-08
56.95 ; 4.75524e-16 ; 2.68626e-08
57 ; 4.51607e-16 ; 2.62666e-08
57.05 ; 4.28892e-16 ; 2.56839e-08
57.1 ; 4.07321e-16 ; 2.51141e-08
57.15 ; 3.86834e-16 ; 2.4557e-08
57.2 ; 3.67378e-16 ; 2.40122e-08
57.25 ; 3.489e-16 ; 2.34795e-08
57.3 ; 3.31352e-16 ; 2.29586e-08
57.35 ; 3.14686e-16 ; 2.24493e-08
57.4 ; 2.98858e-16 ; 2.19512e-08
57.45 ; 2.83827e-16 ; 2.14643e-08
57.5 ; 2.69551e-16 ; 2.09881e-08
57.55 ; 2.55994e-16 ; 2.05225e-08
57.6 ; 2.43118e-16 ; 2.00672e-08
57.65 ; 2.3089e-16 ; 1.9622e-08
57.7 ; 2.19277e-16 ; 1.91867e-08
57.75 ; 2.08249e-16 ; 1.8761e-08
57.8 ; 1.97774e-16 ; 1.83448e-08
57.85 ; 1.87827e-16 ; 1.79379e-08
57.9 ; 1.7838e-16 ; 1.75399e-08
57.95 ; 1.69408e-16 ; 1.71508e-08
58 ; 1.60888e-16 ; 1.67703e-08
58.05 ; 1.52796e-16 ; 1.63983e-08
58.1 ; 1.4511e-16 ; 1.60345e-08
58.15 ; 1.37812e-16 ; 1.56788e-08
58.2 ; 1.3088e-16 ; 1.53309e-08
58.25 ; 1.24298e-16 ; 1.49908e-08
58.3 ; 1.18046e-16 ; 1.46583e-08
58.35 ; 1.12109e-16 ; 1.43331e-08
58.4 ; 1.0647e-16 ; 1.40151e-08
58.45 ; 1.01115e-16 ; 1.37042e-08
58.5 ; 9.60293e-17 ; 1.34001e-08
58.55 ; 9.11993e-17 ; 1.31029e-08
58.6 ; 8.66123e-17 ; 1.28122e-08
58.65 ; 8.22561e-17 ; 1.2528e-08
58.7 ; 7.81189e-17 ; 1.225e-08
58.75 ; 7.41898e-17 ; 1.19783e-08
58.8 ; 7.04583e-17 ; 1.17125e-08
58.85 ; 6.69145e-17 ; 1.14527e-08
58.9 ; 6.3549e-17 ; 1.11986e-08
58.95 ; 6.03527e-17 ; 1.09502e-08
59 ; 5.73172e-17 ; 1.07073e-08
59.05 ; 5.44343e-17 ; 1.04697e-08
59.1 ; 5.16965e-17 ; 1.02374e-08
59.15 ; 4.90963e-17 ; 1.00103e-08
59.2 ; 4.6627e-17 ; 9.78826e-09
59.25 ; 4.42818e-17 ; 9.57111e-09
59.3 ; 4.20546e-17 ; 9.35878e-09
59.35 ; 3.99394e-17 ; 9.15115e-09
59.4 ; 3.79306e-17 ; 8.94814e-09
59.45 ; 3.60228e-17 ; 8.74963e-09
59.5 ; 3.4211e-17 ; 8.55552e-09
59.55 ; 3.24903e-17 ; 8.36572e-09
59.6 ; 3.08562e-17 ; 8.18013e-09
59.65 ; 2.93042e-17 ; 7.99865e-09
59.7 ; 2.78303e-17 ; 7.82121e-09
59.75 ; 2.64306e-17 ; 7.6477e-09
59.8 ; 2.51012e-17 ; 7.47803e-09
59.85 ; 2.38387e-17 ; 7.31214e-09
59.9 ; 2.26397e-17 ; 7.14992e-09
59.95 ; 2.1501e-17 ; 6.9913e-09
60 ; 2.04196e-17 ; 6.8362e-09
60.05 ; 1.93925e-17 ; 6.68454e-09
60.1 ; 1.84172e-17 ; 6.53625e-09
60.15 ; 1.74909e-17 ; 6.39124e-09
60.2 ; 1.66111e-17 ; 6.24946e-09
60.25 ; 1.57757e-17 ; 6.11081e-09
60.3 ; 1.49822e-17 ; 5.97525e-09
60.35 ; 1.42286e-17 ; 5.84269e-09
60.4 ; 1.3513e-17 ; 5.71307e-09
60.45 ; 1.28333e-17 ; 5.58633e-09
60.5 ; 1.21879e-17 ; 5.4624e-09
60.55 ; 1.15749e-17 ; 5.34122e-09
60.6 ; 1.09927e-17 ; 5.22272e-09
60.65 ; 1.04398e-17 ; 5.10686e-09
60.7 ; 9.91472e-18 ; 4.99356e-09
60.75 ; 9.41604e-18 ; 4.88278e-09
60.8 ; 8.94245e-18 ; 4.77446e-09
60.85 ; 8.49268e-18 ; 4.66854e-09
60.9 ; 8.06553e-18 ; 4.56497e-09
60.95 ; 7.65986e-18 ; 4.4637e-09
61 ; 7.2746e-18 ; 4.36467e-09
61.05 ; 6.90871e-18 ; 4.26784e-09
61.1 ; 6.56123e-18 ; 4.17316e-09
61.15 ; 6.23122e-18 ; 4.08058e-09
61.2 ; 5.91781e-18 ; 3.99006e-09
61.25 ; 5.62017e-18 ; 3.90154e-09
61.3 ; 5.3375e-18 ; 3.81498e-09
61.35 ; 5.06904e-18 ; 3.73035e-09
61.4 ; 4.81409e-18 ; 3.64759e-09
61.45 ; 4.57195e-18 ; 3.56667e-09
61.5 ; 4.342e-18 ; 3.48755e-09
61.55 ; 4.12361e-18 ; 3.41018e-09
61.6 ; 3.91621e-18 ; 3.33452e-09
61.65 ; 3.71924e-18 ; 3.26055e-09
61.7 ; 3.53218e-18 ; 3.18821e-09
61.75 ; 3.35452e-18 ; 3.11748e-09
61.8 ; 3.1858e-18 ; 3.04832e-09
61.85 ; 3.02557e-18 ; 2.9807e-09
61.9 ; 2.87339e-18 ; 2.91457e-09
61.95 ; 2.72887e-18 ; 2.84991e-09
62 ; 2.59162e-18 ; 2.78669e-09
62.05 ; 2.46127e-18 ; 2.72487e-09
62.1 ; 2.33748e-18 ; 2.66442e-09
62.15 ; 2.21991e-18 ; 2.60531e-09
62.2 ; 2.10826e-18 ; 2.54751e-09
62.25 ; 2.00222e-18 ; 2.49099e-09
62.3 ; 1.90151e-18 ; 2.43573e-09
62.35 ; 1.80588e-18 ; 2.3817e-09
62.4 ; 1.71505e-18 ; 2.32886e-09
62.45 ; 1.62879e-18 ; 2.27719e-09
62.5 ; 1.54686e-18 ; 2.22667e-09
62.55 ; 1.46906e-18 ; 2.17728e-09
62.6 ; 1.39517e-18 ; 2.12897e-09
62.65 ; 1.325e-18 ; 2.08174e-09
62.7 ; 1.25836e-18 ; 2.03556e-09
62.75 ; 1.19507e-18 ; 1.9904e-09
62.8 ; 1.13496e-18 ; 1.94625e-09
62.85 ; 1.07788e-18 ; 1.90307e-09
62.9 ; 1.02366e-18 ; 1.86085e-09
62.95 ; 9.72176e-19 ; 1.81957e-09
63 ; 9.23279e-19 ; 1.7792e-09
63.05 ; 8.76842e-19 ; 1.73973e-09
63.1 ; 8.3274e-19 ; 1.70114e-09
63.15 ; 7.90856e-19 ; 1.6634e-09
63.2 ; 7.51079e-19 ; 1.62649e-09
63.25 ; 7.13302e-19 ; 1.59041e-09
63.3 ; 6.77426e-19 ; 1.55513e-09
63.35 ; 6.43354e-19 ; 1.52063e-09
63.4 ; 6.10996e-19 ; 1.48689e-09
63.45 ; 5.80265e-19 ; 1.45391e-09
63.5 ; 5.5108e-19 ; 1.42165e-09
63.55 ; 5.23362e-19 ; 1.39011e-09
63.6 ; 4.97039e-19 ; 1.35927e-09
63.65 ; 4.7204e-19 ; 1.32912e-09
63.7 ; 4.48298e-19 ; 1.29963e-09
63.75 ; 4.2575e-19 ; 1.2708e-09
63.8 ; 4.04336e-19 ; 1.24261e-09
63.85 ; 3.84e-19 ; 1.21504e-09
63.9 ; 3.64686e-19 ; 1.18809e-09
63.95 ; 3.46344e-19 ; 1.16173e-09
64 ; 3.28924e-19 ; 1.13596e-09
64.05 ; 3.1238e-19 ; 1.11076e-09
64.1 ; 2.96669e-19 ; 1.08611e-09
64.15 ; 2.81747e-19 ; 1.06202e-09
64.2 ; 2.67576e-19 ; 1.03846e-09
64.25 ; 2.54118e-19 ; 1.01542e-09
64.3 ; 2.41337e-19 ; 9.92894e-10
64.35 ; 2.29199e-19 ; 9.70867e-10
64.4 ; 2.17671e-19 ; 9.49329e-10
64.45 ; 2.06723e-19 ; 9.28268e-10
64.5 ; 1.96325e-19 ; 9.07675e-10
64.55 ; 1.86451e-19 ; 8.87539e-10
64.6 ; 1.77073e-19 ; 8.67849e-10
64.65 ; 1.68167e-19 ; 8.48596e-10
64.7 ; 1.59709e-19 ; 8.2977e-10
64.75 ; 1.51676e-19 ; 8.11362e-10
64.8 ; 1.44047e-19 ; 7.93362e-10
64.85 ; 1.36802e-19 ; 7.75762e-10
64.9 ; 1.29922e-19 ; 7.58552e-10
64.95 ; 1.23387e-19 ; 7.41723e-10
65 ; 1.17181e-19 ; 7.25269e-10
65.05 ; 1.11287e-19 ; 7.09179e-10
65.1 ; 1.0569e-19 ; 6.93446e-10
65.15 ; 1.00374e-19 ; 6.78062e-10
65.2 ; 9.53257e-20 ; 6.63019e-10
65.25 ; 9.05311e-20 ; 6.4831e-10
65.3 ; 8.59778e-20 ; 6.33928e-10
65.35 ; 8.16534e-20 ; 6.19864e-10
65.4 ; 7.75465e-20 ; 6.06113e-10
65.45 ; 7.36462e-20 ; 5.92667e-10
65.5 ; 6.99421e-20 ; 5.79518e-10
65.55 ; 6.64242e-20 ; 5.66662e-10
65.6 ; 6.30834e-20 ; 5.54091e-10
65.65 ; 5.99105e-20 ; 5.41798e-10
65.7 ; 5.68972e-20 ; 5.29779e-10
65.75 ; 5.40355e-20 ; 5.18026e-10
65.8 ; 5.13177e-20 ; 5.06534e-10
65.85 ; 4.87366e-20 ; 4.95296e-10
65.9 ; 4.62853e-20 ; 4.84308e-10
65.95 ; 4.39574e-20 ; 4.73564e-10
66 ; 4.17465e-20 ; 4.63058e-10
66.05 ; 3.96468e-20 ; 4.52785e-10
66.1 ; 3.76527e-20 ; 4.42741e-10
66.15 ; 3.57589e-20 ; 4.32918e-10
66.2 ; 3.39603e-20 ; 4.23314e-10
66.25 ; 3.22523e-20 ; 4.13923e-10
66.3 ; 3.06301e-20 ; 4.0474e-10
66.35 ; 2.90895e-20 ; 3.95761e-10
66.4 ; 2.76264e-20 ; 3.86982e-10
66.45 ; 2.62369e-20 ; 3.78397e-10
66.5 ; 2.49173e-20 ; 3.70002e-10
66.55 ; 2.3664e-20 ; 3.61794e-10
66.6 ; 2.24738e-20 ; 3.53767e-10
66.65 ; 2.13435e-20 ; 3.45919e-10
66.7 ; 2.027e-20 ; 3.38245e-10
66.75 ; 1.92505e-20 ; 3.30741e-10
66.8 ; 1.82822e-20 ; 3.23404e-10
66.85 ; 1.73627e-20 ; 3.16229e-10
66.9 ; 1.64894e-20 ; 3.09214e-10
66.95 ; 1.56601e-20 ; 3.02354e-10
67 ; 1.48724e-20 ; 2.95646e-10
67.05 ; 1.41244e-20 ; 2.89087e-10
67.1 ; 1.3414e-20 ; 2.82674e-10
67.15 ; 1.27393e-20 ; 2.76403e-10
67.2 ; 1.20986e-20 ; 2.70271e-10
67.25 ; 1.14901e-20 ; 2.64275e-10
67.3 ; 1.09122e-20 ; 2.58412e-10
67.35 ; 1.03633e-20 ; 2.5268e-10
67.4 ; 9.84207e-21 ; 2.47074e-10
67.45 ; 9.34705e-21 ; 2.41593e-10
67.5 ; 8.87693e-21 ; 2.36233e-10
67.55 ; 8.43045e-21 ; 2.30992e-10
67.6 ; 8.00643e-21 ; 2.25868e-10
67.65 ; 7.60374e-21 ; 2.20857e-10
67.7 ; 7.2213e-21 ; 2.15957e-10
67.75 ; 6.85809e-21 ; 2.11166e-10
67.8 ; 6.51316e-21 ; 2.06482e-10
67.85 ; 6.18557e-21 ; 2.01901e-10
67.9 ; 5.87446e-21 ; 1.97422e-10
67.95 ; 5.57899e-21 ; 1.93042e-10
68 ; 5.29839e-21 ; 1.8876e-10
68.05 ; 5.0319e-21 ; 1.84572e-10
68.1 ; 4.77881e-21 ; 1.80477e-10
68.15 ; 4.53846e-21 ; 1.76474e-10
68.2 ; 4.31019e-21 ; 1.72559e-10
68.25 ; 4.0934e-21 ; 1.6873e-10
68.3 ; 3.88752e-21 ; 1.64987e-10
68.35 ; 3.69199e-21 ; 1.61327e-10
68.4 ; 3.5063e-21 ; 1.57748e-10
68.45 ; 3.32994e-21 ; 1.54248e-10
68.5 ; 3.16246e-21 ; 1.50826e-10
68.55 ; 3.0034e-21 ; 1.4748e-10
68.6 ; 2.85234e-21 ; 1.44209e-10
68.65 ; 2.70888e-21 ; 1.41009e-10
68.7 ; 2.57263e-21 ; 1.37881e-10
68.75 ; 2.44324e-21 ; 1.34822e-10
68.8 ; 2.32035e-21 ; 1.31831e-10
68.85 ; 2.20365e-21 ; 1.28907e-10
68.9 ; 2.09281e-21 ; 1.26047e-10
68.95 ; 1.98755e-21 ; 1.23251e-10
69 ; 1.88758e-21 ; 1.20516e-10
69.05 ; 1.79264e-21 ; 1.17843e-10
69.1 ; 1.70248e-21 ; 1.15228e-10
69.15 ; 1.61685e-21 ; 1.12672e-10
69.2 ; 1.53553e-21 ; 1.10173e-10
69.25 ; 1.4583e-21 ; 1.07728e-10
69.3 ; 1.38495e-21 ; 1.05338e-10
69.35 ; 1.31529e-21 ; 1.03002e-10
69.4 ; 1.24914e-21 ; 1.00717e-10
69.45 ; 1.18631e-21 ; 9.84822e-11
69.5 ; 1.12665e-21 ; 9.62974e-11
69.55 ; 1.06998e-21 ; 9.4161e-11
69.6 ; 1.01616e-21 ; 9.20721e-11
69.65 ; 9.65054e-22 ; 9.00295e-11
69.7 ; 9.16515e-22 ; 8.80322e-11
69.75 ; 8.70418e-22 ; 8.60793e-11
69.8 ; 8.26639e-22 ; 8.41696e-11
69.85 ; 7.85062e-22 ; 8.23024e-11
69.9 ; 7.45576e-22 ; 8.04765e-11
69.95 ; 7.08076e-22 ; 7.86912e-11
70 ; 6.72463e-22 ; 7.69454e-11
70.05 ; 6.3864e-22 ; 7.52384e-11
70.1 ; 6.06519e-22 ; 7.35693e-11
70.15 ; 5.76013e-22 ; 7.19372e-11
70.2 ; 5.47042e-22 ; 7.03413e-11
70.25 ; 5.19528e-22 ; 6.87808e-11
70.3 ; 4.93397e-22 ; 6.72549e-11
70.35 ; 4.68581e-22 ; 6.57629e-11
70.4 ; 4.45013e-22 ; 6.43039e-11
70.45 ; 4.22631e-22 ; 6.28774e-11
70.5 ; 4.01374e-22 ; 6.14825e-11
70.55 ; 3.81186e-22 ; 6.01185e-11
70.6 ; 3.62014e-22 ; 5.87848e-11
70.65 ; 3.43806e-22 ; 5.74807e-11
70.7 ; 3.26514e-22 ; 5.62055e-11
70.75 ; 3.10091e-22 ; 5.49586e-11
70.8 ; 2.94495e-22 ; 5.37393e-11
70.85 ; 2.79683e-22 ; 5.25471e-11
70.9 ; 2.65616e-22 ; 5.13814e-11
70.95 ; 2.52256e-22 ; 5.02415e-11
71 ; 2.39569e-22 ; 4.91269e-11
71.05 ; 2.27519e-22 ; 4.80371e-11
71.1 ; 2.16076e-22 ; 4.69714e-11
71.15 ; 2.05208e-22 ; 4.59293e-11
71.2 ; 1.94887e-22 ; 4.49104e-11
71.25 ; 1.85085e-22 ; 4.39141e-11
71.3 ; 1.75776e-22 ; 4.29399e-11
71.35 ; 1.66935e-22 ; 4.19873e-11
71.4 ; 1.58539e-22 ; 4.10558e-11
71.45 ; 1.50565e-22 ; 4.0145e-11
71.5 ; 1.42992e-22 ; 3.92544e-11
71.55 ; 1.358e-22 ; 3.83835e-11
71.6 ; 1.2897e-22 ; 3.7532e-11
71.65 ; 1.22483e-22 ; 3.66994e-11
71.7 ; 1.16323e-22 ; 3.58852e-11
71.75 ; 1.10472e-22 ; 3.50891e-11
71.8 ; 1.04916e-22 ; 3.43107e-11
71.85 ; 9.96387e-23 ; 3.35495e-11
71.9 ; 9.46273e-23 ; 3.28052e-11
71.95 ; 8.98679e-23 ; 3.20774e-11
72 ; 8.53478e-23 ; 3.13658e-11
72.05 ; 8.10551e-23 ; 3.067e-11
72.1 ; 7.69784e-23 ; 2.99896e-11
72.15 ; 7.31066e-23 ; 2.93243e-11
72.2 ; 6.94296e-23 ; 2.86737e-11
72.25 ; 6.59376e-23 ; 2.80376e-11
72.3 ; 6.26212e-23 ; 2.74156e-11
72.35 ; 5.94715e-23 ; 2.68074e-11
72.4 ; 5.64803e-23 ; 2.62127e-11
72.45 ; 5.36396e-23 ; 2.56311e-11
72.5 ; 5.09417e-23 ; 2.50625e-11
72.55 ; 4.83795e-23 ; 2.45065e-11
72.6 ; 4.59462e-23 ; 2.39629e-11
72.65 ; 4.36353e-23 ; 2.34312e-11
72.7 ; 4.14406e-23 ; 2.29114e-11
72.75 ; 3.93563e-23 ; 2.24031e-11
72.8 ; 3.73768e-23 ; 2.19061e-11
72.85 ; 3.54969e-23 ; 2.14202e-11
72.9 ; 3.37115e-23 ; 2.0945e-11
72.95 ; 3.2016e-23 ; 2.04803e-11
73 ; 3.04057e-23 ; 2.0026e-11
73.05 ; 2.88764e-23 ; 1.95817e-11
73.1 ; 2.7424e-23 ; 1.91473e-11
73.15 ; 2.60447e-23 ; 1.87225e-11
73.2 ; 2.47347e-23 ; 1.83071e-11
73.25 ; 2.34907e-23 ; 1.7901e-11
73.3 ; 2.23092e-23 ; 1.75039e-11
73.35 ; 2.11871e-23 ; 1.71156e-11
73.4 ; 2.01215e-23 ; 1.67359e-11
73.45 ; 1.91094e-23 ; 1.63646e-11
73.5 ; 1.81483e-23 ; 1.60015e-11
73.55 ; 1.72355e-23 ; 1.56465e-11
73.6 ; 1.63686e-23 ; 1.52994e-11
73.65 ; 1.55453e-23 ; 1.496e-11
73.7 ; 1.47635e-23 ; 1.46281e-11
73.75 ; 1.40209e-23 ; 1.43036e-11
73.8 ; 1.33157e-23 ; 1.39863e-11
73.85 ; 1.2646e-23 ; 1.3676e-11
73.9 ; 1.20099e-23 ; 1.33726e-11
73.95 ; 1.14059e-23 ; 1.30759e-11
74 ; 1.08322e-23 ; 1.27859e-11
74.05 ; 1.02874e-23 ; 1.25022e-11
74.1 ; 9.76996e-24 ; 1.22249e-11
74.15 ; 9.27857e-24 ; 1.19536e-11
74.2 ; 8.81189e-24 ; 1.16885e-11
74.25 ; 8.36869e-24 ; 1.14292e-11
74.3 ; 7.94777e-24 ; 1.11756e-11
74.35 ; 7.54803e-24 ; 1.09277e-11
74.4 ; 7.16839e-24 ; 1.06853e-11
74.45 ; 6.80785e-24 ; 1.04482e-11
74.5 ; 6.46544e-24 ; 1.02164e-11
74.55 ; 6.14025e-24 ; 9.98976e-12
74.6 ; 5.83142e-24 ; 9.76814e-12
74.65 ; 5.53812e-24 ; 9.55144e-12
74.7 ; 5.25957e-24 ; 9.33955e-12
74.75 ; 4.99503e-24 ; 9.13235e-12
74.8 ; 4.7438e-24 ; 8.92975e-12
74.85 ; 4.50521e-24 ; 8.73165e-12
74.9 ; 4.27861e-24 ; 8.53794e-12
74.95 ; 4.06341e-24 ; 8.34853e-12
75 ; 3.85904e-24 ; 8.16332e-12
75.05 ; 3.66494e-24 ; 7.98222e-12
75.1 ; 3.48061e-24 ; 7.80514e-12
75.15 ; 3.30555e-24 ; 7.63198e-12
75.2 ; 3.13929e-24 ; 7.46267e-12
75.25 ; 2.98139e-24 ; 7.29711e-12
75.3 ; 2.83144e-24 ; 7.13523e-12
75.35 ; 2.68903e-24 ; 6.97694e-12
75.4 ; 2.55378e-24 ; 6.82215e-12
75.45 ; 2.42534e-24 ; 6.67081e-12
75.5 ; 2.30335e-24 ; 6.52282e-12
75.55 ; 2.1875e-24 ; 6.37811e-12
75.6 ; 2.07748e-24 ; 6.23661e-12
75.65 ; 1.97299e-24 ; 6.09826e-12
75.7 ; 1.87375e-24 ; 5.96297e-12
75.75 ; 1.77951e-24 ; 5.83068e-12
75.8 ; 1.69001e-24 ; 5.70133e-12
75.85 ; 1.60501e-24 ; 5.57485e-12
75.9 ; 1.52428e-24 ; 5.45117e-12
75.95 ; 1.44761e-24 ; 5.33024e-12
76 ; 1.3748e-24 ; 5.21199e-12
76.05 ; 1.30566e-24 ; 5.09636e-12
76.1 ; 1.23999e-24 ; 4.9833e-12
76.15 ; 1.17762e-24 ; 4.87275e-12
76.2 ; 1.11839e-24 ; 4.76465e-12
76.25 ; 1.06214e-24 ; 4.65895e-12
76.3 ; 1.00872e-24 ; 4.55559e-12
76.35 ; 9.57983e-25 ; 4.45453e-12
76.4 ; 9.098e-25 ; 4.3557e-12
76.45 ; 8.6404e-25 ; 4.25907e-12
76.5 ; 8.20582e-25 ; 4.16459e-12
76.55 ; 7.7931e-25 ; 4.0722e-12
76.6 ; 7.40113e-25 ; 3.98186e-12
76.65 ; 7.02888e-25 ; 3.89352e-12
76.7 ; 6.67536e-25 ; 3.80714e-12
76.75 ; 6.33961e-25 ; 3.72268e-12
76.8 ; 6.02075e-25 ; 3.6401e-12
76.85 ; 5.71793e-25 ; 3.55934e-12
76.9 ; 5.43034e-25 ; 3.48038e-12
76.95 ; 5.15721e-25 ; 3.40317e-12
77 ; 4.89782e-25 ; 3.32767e-12
77.05 ; 4.65148e-25 ; 3.25385e-12
77.1 ; 4.41753e-25 ; 3.18166e-12
77.15 ; 4.19534e-25 ; 3.11108e-12
77.2 ; 3.98433e-25 ; 3.04206e-12
77.25 ; 3.78394e-25 ; 2.97457e-12
77.3 ; 3.59362e-25 ; 2.90858e-12
77.35 ; 3.41287e-25 ; 2.84406e-12
77.4 ; 3.24122e-25 ; 2.78096e-12
77.45 ; 3.0782e-25 ; 2.71927e-12
77.5 ; 2.92337e-25 ; 2.65894e-12
77.55 ; 2.77634e-25 ; 2.59995e-12
77.6 ; 2.6367e-25 ; 2.54227e-12
77.65 ; 2.50408e-25 ; 2.48588e-12
77.7 ; 2.37814e-25 ; 2.43073e-12
77.75 ; 2.25852e-25 ; 2.3768e-12
77.8 ; 2.14493e-25 ; 2.32407e-12
77.85 ; 2.03705e-25 ; 2.27251e-12
77.9 ; 1.93459e-25 ; 2.2221e-12
77.95 ; 1.83729e-25 ; 2.1728e-12
78 ; 1.74488e-25 ; 2.1246e-12
78.05 ; 1.65712e-25 ; 2.07747e-12
78.1 ; 1.57377e-25 ; 2.03138e-12
78.15 ; 1.49462e-25 ; 1.98631e-12
78.2 ; 1.41944e-25 ; 1.94225e-12
78.25 ; 1.34805e-25 ; 1.89916e-12
78.3 ; 1.28025e-25 ; 1.85703e-12
78.35 ; 1.21586e-25 ; 1.81583e-12
78.4 ; 1.1547e-25 ; 1.77555e-12
78.45 ; 1.09663e-25 ; 1.73616e-12
78.5 ; 1.04147e-25 ; 1.69764e-12
78.55 ; 9.89087e-26 ; 1.65998e-12
78.6 ; 9.3934e-26 ; 1.62315e-12
78.65 ; 8.92094e-26 ; 1.58714e-12
78.7 ; 8.47225e-26 ; 1.55193e-12
78.75 ; 8.04613e-26 ; 1.5175e-12
78.8 ; 7.64144e-26 ; 1.48384e-12
78.85 ; 7.2571e-26 ; 1.45092e-12
78.9 ; 6.89209e-26 ; 1.41873e-12
78.95 ; 6.54545e-26 ; 1.38726e-12
79 ; 6.21624e-26 ; 1.35648e-12
79.05 ; 5.90358e-26 ; 1.32639e-12
79.1 ; 5.60665e-26 ; 1.29696e-12
79.15 ; 5.32466e-26 ; 1.26819e-12
79.2 ; 5.05685e-26 ; 1.24006e-12
79.25 ; 4.80251e-26 ; 1.21255e-12
79.3 ; 4.56096e-26 ; 1.18565e-12
79.35 ; 4.33156e-26 ; 1.15934e-12
79.4 ; 4.1137e-26 ; 1.13362e-12
79.45 ; 3.90679e-26 ; 1.10847e-12
79.5 ; 3.7103e-26 ; 1.08388e-12
79.55 ; 3.52368e-26 ; 1.05984e-12
79.6 ; 3.34645e-26 ; 1.03633e-12
79.65 ; 3.17814e-26 ; 1.01333e-12
79.7 ; 3.01829e-26 ; 9.90854e-13
79.75 ; 2.86648e-26 ; 9.68872e-13
79.8 ; 2.72231e-26 ; 9.47378e-13
79.85 ; 2.58539e-26 ; 9.26361e-13
79.9 ; 2.45535e-26 ; 9.0581e-13
79.95 ; 2.33185e-26 ; 8.85715e-13
80 ; 2.21457e-26 ; 8.66066e-13
80.05 ; 2.10319e-26 ; 8.46852e-13
80.1 ; 1.9974e-26 ; 8.28065e-13
80.15 ; 1.89694e-26 ; 8.09695e-13
80.2 ; 1.80153e-26 ; 7.91732e-13
80.25 ; 1.71092e-26 ; 7.74168e-13
80.3 ; 1.62487e-26 ; 7.56993e-13
80.35 ; 1.54314e-26 ; 7.40199e-13
80.4 ; 1.46553e-26 ; 7.23778e-13
80.45 ; 1.39182e-26 ; 7.07721e-13
80.5 ; 1.32181e-26 ; 6.92021e-13
80.55 ; 1.25533e-26 ; 6.76669e-13
80.6 ; 1.19219e-26 ; 6.61657e-13
80.65 ; 1.13223e-26 ; 6.46978e-13
80.7 ; 1.07528e-26 ; 6.32625e-13
80.75 ; 1.0212e-26 ; 6.18591e-13
80.8 ; 9.69838e-27 ; 6.04867e-13
80.85 ; 9.21059e-27 ; 5.91449e-13
80.9 ; 8.74733e-27 ; 5.78328e-13
80.95 ; 8.30737e-27 ; 5.65498e-13
81 ; 7.88954e-27 ; 5.52952e-13
81.05 ; 7.49273e-27 ; 5.40685e-13
81.1 ; 7.11587e-27 ; 5.2869e-13
81.15 ; 6.75797e-27 ; 5.16961e-13
81.2 ; 6.41807e-27 ; 5.05493e-13
81.25 ; 6.09526e-27 ; 4.94279e-13
81.3 ; 5.78869e-27 ; 4.83313e-13
81.35 ; 5.49754e-27 ; 4.72591e-13
81.4 ; 5.22103e-27 ; 4.62107e-13
81.45 ; 4.95844e-27 ; 4.51855e-13
81.5 ; 4.70904e-27 ; 4.41831e-13
81.55 ; 4.4722e-27 ; 4.32029e-13
81.6 ; 4.24726e-27 ; 4.22445e-13
81.65 ; 4.03364e-27 ; 4.13073e-13
81.7 ; 3.83076e-27 ; 4.03909e-13
81.75 ; 3.63809e-27 ; 3.94948e-13
81.8 ; 3.45511e-27 ; 3.86186e-13
81.85 ; 3.28133e-27 ; 3.77619e-13
81.9 ; 3.11629e-27 ; 3.69242e-13
81.95 ; 2.95955e-27 ; 3.6105e-13
82 ; 2.8107e-27 ; 3.5304e-13
82.05 ; 2.66933e-27 ; 3.45208e-13
82.1 ; 2.53507e-27 ; 3.3755e-13
82.15 ; 2.40757e-27 ; 3.30062e-13
82.2 ; 2.28647e-27 ; 3.22739e-13
82.25 ; 2.17147e-27 ; 3.15579e-13
82.3 ; 2.06226e-27 ; 3.08578e-13
82.35 ; 1.95853e-27 ; 3.01733e-13
82.4 ; 1.86002e-27 ; 2.95039e-13
82.45 ; 1.76647e-27 ; 2.88493e-13
82.5 ; 1.67763e-27 ; 2.82093e-13
82.55 ; 1.59325e-27 ; 2.75835e-13
82.6 ; 1.51311e-27 ; 2.69716e-13
82.65 ; 1.43701e-27 ; 2.63732e-13
82.7 ; 1.36473e-27 ; 2.57881e-13
82.75 ; 1.29609e-27 ; 2.5216e-13
82.8 ; 1.2309e-27 ; 2.46566e-13
82.85 ; 1.16899e-27 ; 2.41096e-13
82.9 ; 1.1102e-27 ; 2.35748e-13
82.95 ; 1.05436e-27 ; 2.30518e-13
83 ; 1.00133e-27 ; 2.25404e-13
83.05 ; 9.50964e-28 ; 2.20403e-13
83.1 ; 9.03134e-28 ; 2.15514e-13
83.15 ; 8.5771e-28 ; 2.10733e-13
83.2 ; 8.1457e-28 ; 2.06058e-13
83.25 ; 7.736e-28 ; 2.01486e-13
83.3 ; 7.34691e-28 ; 1.97016e-13
83.35 ; 6.97739e-28 ; 1.92646e-13
83.4 ; 6.62645e-28 ; 1.88372e-13
83.45 ; 6.29316e-28 ; 1.84193e-13
83.5 ; 5.97664e-28 ; 1.80107e-13
83.55 ; 5.67604e-28 ; 1.76111e-13
83.6 ; 5.39055e-28 ; 1.72204e-13
83.65 ; 5.11943e-28 ; 1.68384e-13
83.7 ; 4.86194e-28 ; 1.64648e-13
83.75 ; 4.6174e-28 ; 1.60996e-13
83.8 ; 4.38516e-28 ; 1.57424e-13
83.85 ; 4.16461e-28 ; 1.53931e-13
83.9 ; 3.95514e-28 ; 1.50517e-13
83.95 ; 3.75621e-28 ; 1.47177e-13
84 ; 3.56729e-28 ; 1.43912e-13
84.05 ; 3.38787e-28 ; 1.4072e-13
84.1 ; 3.21747e-28 ; 1.37598e-13
84.15 ; 3.05564e-28 ; 1.34545e-13
84.2 ; 2.90195e-28 ; 1.3156e-13
84.25 ; 2.756e-28 ; 1.28642e-13
84.3 ; 2.61738e-28 ; 1.25788e-13
84.35 ; 2.48574e-28 ; 1.22997e-13
84.4 ; 2.36071e-28 ; 1.20269e-13
84.45 ; 2.24198e-28 ; 1.17601e-13
84.5 ; 2.12921e-28 ; 1.14992e-13
84.55 ; 2.02212e-28 ; 1.12441e-13
84.6 ; 1.92042e-28 ; 1.09946e-13
84.65 ; 1.82383e-28 ; 1.07507e-13
84.7 ; 1.73209e-28 ; 1.05122e-13
84.75 ; 1.64498e-28 ; 1.0279e-13
84.8 ; 1.56224e-28 ; 1.0051e-13
84.85 ; 1.48367e-28 ; 9.82798e-14
84.9 ; 1.40904e-28 ; 9.60995e-14
84.95 ; 1.33817e-28 ; 9.39676e-14
85 ; 1.27087e-28 ; 9.18829e-14
85.05 ; 1.20695e-28 ; 8.98445e-14
85.1 ; 1.14624e-28 ; 8.78514e-14
85.15 ; 1.08859e-28 ; 8.59024e-14
85.2 ; 1.03384e-28 ; 8.39967e-14
85.25 ; 9.8184e-29 ; 8.21332e-14
85.3 ; 9.32457e-29 ; 8.03111e-14
85.35 ; 8.85558e-29 ; 7.85295e-14
85.4 ; 8.41018e-29 ; 7.67873e-14
85.45 ; 7.98718e-29 ; 7.50838e-14
85.5 ; 7.58545e-29 ; 7.34181e-14
85.55 ; 7.20393e-29 ; 7.17894e-14
85.6 ; 6.8416e-29 ; 7.01967e-14
85.65 ; 6.49749e-29 ; 6.86394e-14
85.7 ; 6.17069e-29 ; 6.71167e-14
85.75 ; 5.86033e-29 ; 6.56277e-14
85.8 ; 5.56557e-29 ; 6.41718e-14
85.85 ; 5.28565e-29 ; 6.27482e-14
85.9 ; 5.0198e-29 ; 6.13561e-14
85.95 ; 4.76732e-29 ; 5.9995e-14
86 ; 4.52754e-29 ; 5.8664e-14
86.05 ; 4.29982e-29 ; 5.73625e-14
86.1 ; 4.08356e-29 ; 5.609e-14
86.15 ; 3.87817e-29 ; 5.48456e-14
86.2 ; 3.68311e-29 ; 5.36289e-14
86.25 ; 3.49786e-29 ; 5.24392e-14
86.3 ; 3.32193e-29 ; 5.12758e-14
86.35 ; 3.15485e-29 ; 5.01383e-14
86.4 ; 2.99618e-29 ; 4.9026e-14
86.45 ; 2.84548e-29 ; 4.79384e-14
86.5 ; 2.70236e-29 ; 4.68749e-14
86.55 ; 2.56644e-29 ; 4.5835e-14
86.6 ; 2.43736e-29 ; 4.48181e-14
86.65 ; 2.31477e-29 ; 4.38238e-14
86.7 ; 2.19835e-29 ; 4.28516e-14
86.75 ; 2.08778e-29 ; 4.1901e-14
86.8 ; 1.98277e-29 ; 4.09714e-14
86.85 ; 1.88304e-29 ; 4.00625e-14
86.9 ; 1.78833e-29 ; 3.91737e-14
86.95 ; 1.69839e-29 ; 3.83047e-14
87 ; 1.61296e-29 ; 3.74549e-14
87.05 ; 1.53184e-29 ; 3.6624e-14
87.1 ; 1.45479e-29 ; 3.58115e-14
87.15 ; 1.38162e-29 ; 3.5017e-14
87.2 ; 1.31213e-29 ; 3.42402e-14
87.25 ; 1.24614e-29 ; 3.34806e-14
87.3 ; 1.18346e-29 ; 3.27378e-14
87.35 ; 1.12394e-29 ; 3.20115e-14
87.4 ; 1.06741e-29 ; 3.13014e-14
87.45 ; 1.01372e-29 ; 3.06069e-14
87.5 ; 9.62733e-30 ; 2.99279e-14
87.55 ; 9.14311e-30 ; 2.9264e-14
87.6 ; 8.68324e-30 ; 2.86148e-14
87.65 ; 8.24651e-30 ; 2.798e-14
87.7 ; 7.83174e-30 ; 2.73592e-14
87.75 ; 7.43783e-30 ; 2.67523e-14
87.8 ; 7.06373e-30 ; 2.61588e-14
87.85 ; 6.70845e-30 ; 2.55785e-14
87.9 ; 6.37104e-30 ; 2.5011e-14
87.95 ; 6.0506e-30 ; 2.44562e-14
88 ; 5.74628e-30 ; 2.39136e-14
88.05 ; 5.45726e-30 ; 2.33831e-14
88.1 ; 5.18278e-30 ; 2.28644e-14
88.15 ; 4.92211e-30 ; 2.23571e-14
88.2 ; 4.67454e-30 ; 2.18611e-14
88.25 ; 4.43943e-30 ; 2.13761e-14
88.3 ; 4.21614e-30 ; 2.09019e-14
88.35 ; 4.00409e-30 ; 2.04382e-14
88.4 ; 3.8027e-30 ; 1.99848e-14
88.45 ; 3.61143e-30 ; 1.95414e-14
88.5 ; 3.42979e-30 ; 1.91079e-14
88.55 ; 3.25729e-30 ; 1.8684e-14
88.6 ; 3.09346e-30 ; 1.82695e-14
88.65 ; 2.93787e-30 ; 1.78642e-14
88.7 ; 2.7901e-30 ; 1.74679e-14
88.75 ; 2.64977e-30 ; 1.70804e-14
88.8 ; 2.5165e-30 ; 1.67015e-14
88.85 ; 2.38993e-30 ; 1.6331e-14
88.9 ; 2.26972e-30 ; 1.59687e-14
88.95 ; 2.15556e-30 ; 1.56144e-14
89 ; 2.04715e-30 ; 1.5268e-14
89.05 ; 1.94418e-30 ; 1.49293e-14
89.1 ; 1.8464e-30 ; 1.45981e-14
89.15 ; 1.75353e-30 ; 1.42742e-14
89.2 ; 1.66533e-30 ; 1.39576e-14
89.25 ; 1.58157e-30 ; 1.36479e-14
89.3 ; 1.50203e-30 ; 1.33451e-14
89.35 ; 1.42648e-30 ; 1.30491e-14
89.4 ; 1.35473e-30 ; 1.27596e-14
89.45 ; 1.28659e-30 ; 1.24765e-14
89.5 ; 1.22188e-30 ; 1.21997e-14
89.55 ; 1.16043e-30 ; 1.19291e-14
89.6 ; 1.10206e-30 ; 1.16644e-14
89.65 ; 1.04663e-30 ; 1.14057e-14
89.7 ; 9.93991e-31 ; 1.11526e-14
89.75 ; 9.43997e-31 ; 1.09052e-14
89.8 ; 8.96517e-31 ; 1.06633e-14
89.85 ; 8.51426e-31 ; 1.04267e-14
89.9 ; 8.08602e-31 ; 1.01954e-14
89.95 ; 7.67932e-31 ; 9.96924e-15
90 ; 7.29308e-31 ; 9.74807e-15
90.05 ; 6.92627e-31 ; 9.53182e-15
90.1 ; 6.5779e-31 ; 9.32036e-15
90.15 ; 6.24706e-31 ; 9.11359e-15
90.2 ; 5.93285e-31 ; 8.9114e-15
90.25 ; 5.63445e-31 ; 8.71371e-15
90.3 ; 5.35106e-31 ; 8.5204e-15
90.35 ; 5.08192e-31 ; 8.33137e-15
90.4 ; 4.82632e-31 ; 8.14655e-15
90.45 ; 4.58357e-31 ; 7.96582e-15
90.5 ; 4.35303e-31 ; 7.7891e-15
90.55 ; 4.13409e-31 ; 7.6163e-15
90.6 ; 3.92616e-31 ; 7.44733e-15
90.65 ; 3.72869e-31 ; 7.28212e-15
90.7 ; 3.54115e-31 ; 7.12057e-15
90.75 ; 3.36304e-31 ; 6.9626e-15
90.8 ; 3.1939e-31 ; 6.80814e-15
90.85 ; 3.03325e-31 ; 6.6571e-15
90.9 ; 2.88069e-31 ; 6.50941e-15
90.95 ; 2.7358e-31 ; 6.36501e-15
91 ; 2.5982e-31 ; 6.2238e-15
91.05 ; 2.46752e-31 ; 6.08573e-15
91.1 ; 2.34342e-31 ; 5.95072e-15
91.15 ; 2.22555e-31 ; 5.8187e-15
91.2 ; 2.11361e-31 ; 5.68962e-15
91.25 ; 2.00731e-31 ; 5.56339e-15
91.3 ; 1.90635e-31 ; 5.43997e-15
91.35 ; 1.81046e-31 ; 5.31929e-15
91.4 ; 1.7194e-31 ; 5.20128e-15
91.45 ; 1.63292e-31 ; 5.08589e-15
91.5 ; 1.55079e-31 ; 4.97306e-15
91.55 ; 1.4728e-31 ; 4.86274e-15
91.6 ; 1.39872e-31 ; 4.75486e-15
91.65 ; 1.32837e-31 ; 4.64937e-15
91.7 ; 1.26156e-31 ; 4.54623e-15
91.75 ; 1.1981e-31 ; 4.44537e-15
91.8 ; 1.13784e-31 ; 4.34675e-15
91.85 ; 1.08061e-31 ; 4.25032e-15
91.9 ; 1.02626e-31 ; 4.15603e-15
91.95 ; 9.74647e-32 ; 4.06383e-15
92 ; 9.25625e-32 ; 3.97368e-15
92.05 ; 8.7907e-32 ; 3.88552e-15
92.1 ; 8.34856e-32 ; 3.79932e-15
92.15 ; 7.92866e-32 ; 3.71503e-15
92.2 ; 7.52987e-32 ; 3.63262e-15
92.25 ; 7.15115e-32 ; 3.55203e-15
92.3 ; 6.79147e-32 ; 3.47323e-15
92.35 ; 6.44989e-32 ; 3.39618e-15
92.4 ; 6.12548e-32 ; 3.32083e-15
92.45 ; 5.81739e-32 ; 3.24716e-15
92.5 ; 5.5248e-32 ; 3.17512e-15
92.55 ; 5.24692e-32 ; 3.10469e-15
92.6 ; 4.98302e-32 ; 3.03581e-15
92.65 ; 4.73239e-32 ; 2.96846e-15
92.7 ; 4.49437e-32 ; 2.90261e-15
92.75 ; 4.26832e-32 ; 2.83821e-15
92.8 ; 4.05364e-32 ; 2.77525e-15
92.85 ; 3.84976e-32 ; 2.71368e-15
92.9 ; 3.65613e-32 ; 2.65348e-15
92.95 ; 3.47224e-32 ; 2.59461e-15
93 ; 3.2976e-32 ; 2.53705e-15
93.05 ; 3.13174e-32 ; 2.48077e-15
93.1 ; 2.97422e-32 ; 2.42573e-15
93.15 ; 2.82463e-32 ; 2.37192e-15
93.2 ; 2.68256e-32 ; 2.3193e-15
93.25 ; 2.54764e-32 ; 2.26785e-15
93.3 ; 2.4195e-32 ; 2.21753e-15
93.35 ; 2.29781e-32 ; 2.16834e-15
93.4 ; 2.18224e-32 ; 2.12023e-15
93.45 ; 2.07248e-32 ; 2.0732e-15
93.5 ; 1.96824e-32 ; 2.0272e-15
93.55 ; 1.86925e-32 ; 1.98223e-15
93.6 ; 1.77523e-32 ; 1.93826e-15
93.65 ; 1.68594e-32 ; 1.89526e-15
93.7 ; 1.60115e-32 ; 1.85321e-15
93.75 ; 1.52061e-32 ; 1.8121e-15
93.8 ; 1.44413e-32 ; 1.7719e-15
93.85 ; 1.3715e-32 ; 1.73259e-15
93.9 ; 1.30252e-32 ; 1.69415e-15
93.95 ; 1.23701e-32 ; 1.65657e-15
94 ; 1.17479e-32 ; 1.61982e-15
94.05 ; 1.1157e-32 ; 1.58388e-15
94.1 ; 1.05958e-32 ; 1.54874e-15
94.15 ; 1.00629e-32 ; 1.51439e-15
94.2 ; 9.55679e-33 ; 1.48079e-15
94.25 ; 9.07612e-33 ; 1.44794e-15
94.3 ; 8.61962e-33 ; 1.41582e-15
94.35 ; 8.18609e-33 ; 1.38441e-15
94.4 ; 7.77436e-33 ; 1.35369e-15
94.45 ; 7.38333e-33 ; 1.32366e-15
94.5 ; 7.01198e-33 ; 1.2943e-15
94.55 ; 6.6593e-33 ; 1.26558e-15
94.6 ; 6.32436e-33 ; 1.23751e-15
94.65 ; 6.00627e-33 ; 1.21005e-15
94.7 ; 5.70418e-33 ; 1.18321e-15
94.75 ; 5.41728e-33 ; 1.15696e-15
94.8 ; 5.14481e-33 ; 1.13129e-15
94.85 ; 4.88604e-33 ; 1.1062e-15
94.9 ; 4.64029e-33 ; 1.08166e-15
94.95 ; 4.4069e-33 ; 1.05766e-15
95 ; 4.18525e-33 ; 1.0342e-15
95.05 ; 3.97475e-33 ; 1.01125e-15
95.1 ; 3.77483e-33 ; 9.88818e-16
95.15 ; 3.58497e-33 ; 9.66882e-16
95.2 ; 3.40466e-33 ; 9.45432e-16
95.25 ; 3.23342e-33 ; 9.24458e-16
95.3 ; 3.07079e-33 ; 9.03949e-16
95.35 ; 2.91634e-33 ; 8.83895e-16
95.4 ; 2.76966e-33 ; 8.64286e-16
95.45 ; 2.63036e-33 ; 8.45112e-16
95.5 ; 2.49806e-33 ; 8.26364e-16
95.55 ; 2.37242e-33 ; 8.08031e-16
95.6 ; 2.25309e-33 ; 7.90105e-16
95.65 ; 2.13977e-33 ; 7.72577e-16
95.7 ; 2.03215e-33 ; 7.55438e-16
95.75 ; 1.92994e-33 ; 7.38678e-16
95.8 ; 1.83287e-33 ; 7.22291e-16
95.85 ; 1.74068e-33 ; 7.06267e-16
95.9 ; 1.65313e-33 ; 6.90599e-16
95.95 ; 1.56999e-33 ; 6.75278e-16
96 ; 1.49102e-33 ; 6.60297e-16
96.05 ; 1.41603e-33 ; 6.45649e-16
96.1 ; 1.34481e-33 ; 6.31325e-16
96.15 ; 1.27717e-33 ; 6.1732e-16
96.2 ; 1.21293e-33 ; 6.03625e-16
96.25 ; 1.15193e-33 ; 5.90233e-16
96.3 ; 1.09399e-33 ; 5.77139e-16
96.35 ; 1.03896e-33 ; 5.64336e-16
96.4 ; 9.86708e-34 ; 5.51816e-16
96.45 ; 9.3708e-34 ; 5.39574e-16
96.5 ; 8.89949e-34 ; 5.27604e-16
96.55 ; 8.45187e-34 ; 5.15899e-16
96.6 ; 8.02678e-34 ; 5.04454e-16
96.65 ; 7.62306e-34 ; 4.93263e-16
96.7 ; 7.23965e-34 ; 4.8232e-16
96.75 ; 6.87552e-34 ; 4.7162e-16
96.8 ; 6.52971e-34 ; 4.61157e-16
96.85 ; 6.20128e-34 ; 4.50927e-16
96.9 ; 5.88938e-34 ; 4.40923e-16
96.95 ; 5.59317e-34 ; 4.31141e-16
97 ; 5.31185e-34 ; 4.21576e-16
97.05 ; 5.04469e-34 ; 4.12224e-16
97.1 ; 4.79096e-34 ; 4.03079e-16
97.15 ; 4.54999e-34 ; 3.94137e-16
97.2 ; 4.32114e-34 ; 3.85393e-16
97.25 ; 4.1038e-34 ; 3.76843e-16
97.3 ; 3.8974e-34 ; 3.68483e-16
97.35 ; 3.70137e-34 ; 3.60308e-16
97.4 ; 3.51521e-34 ; 3.52315e-16
97.45 ; 3.3384e-34 ; 3.44499e-16
97.5 ; 3.1705e-34 ; 3.36856e-16
97.55 ; 3.01103e-34 ; 3.29383e-16
97.6 ; 2.85959e-34 ; 3.22076e-16
97.65 ; 2.71576e-34 ; 3.14931e-16
97.7 ; 2.57917e-34 ; 3.07944e-16
97.75 ; 2.44944e-34 ; 3.01113e-16
97.8 ; 2.32625e-34 ; 2.94433e-16
97.85 ; 2.20924e-34 ; 2.87901e-16
97.9 ; 2.09813e-34 ; 2.81514e-16
97.95 ; 1.9926e-34 ; 2.75268e-16
98 ; 1.89238e-34 ; 2.69162e-16
98.05 ; 1.7972e-34 ; 2.6319e-16
98.1 ; 1.70681e-34 ; 2.57352e-16
98.15 ; 1.62096e-34 ; 2.51642e-16
98.2 ; 1.53943e-34 ; 2.4606e-16
98.25 ; 1.462e-34 ; 2.40601e-16
98.3 ; 1.38847e-34 ; 2.35263e-16
98.35 ; 1.31864e-34 ; 2.30044e-16
98.4 ; 1.25231e-34 ; 2.24941e-16
98.45 ; 1.18933e-34 ; 2.1995e-16
98.5 ; 1.12951e-34 ; 2.15071e-16
98.55 ; 1.0727e-34 ; 2.103e-16
98.6 ; 1.01874e-34 ; 2.05634e-16
98.65 ; 9.67506e-35 ; 2.01072e-16
98.7 ; 9.18844e-35 ; 1.96612e-16
98.75 ; 8.72629e-35 ; 1.9225e-16
98.8 ; 8.28739e-35 ; 1.87985e-16
98.85 ; 7.87057e-35 ; 1.83814e-16
98.9 ; 7.47471e-35 ; 1.79737e-16
98.95 ; 7.09875e-35 ; 1.75749e-16
99 ; 6.74171e-35 ; 1.7185e-16
99.05 ; 6.40263e-35 ; 1.68038e-16
99.1 ; 6.0806e-35 ; 1.6431e-16
99.15 ; 5.77477e-35 ; 1.60665e-16
99.2 ; 5.48432e-35 ; 1.571e-16
99.25 ; 5.20848e-35 ; 1.53615e-16
99.3 ; 4.94651e-35 ; 1.50207e-16
99.35 ; 4.69772e-35 ; 1.46875e-16
99.4 ; 4.46144e-35 ; 1.43617e-16
99.45 ; 4.23705e-35 ; 1.40431e-16
99.5 ; 4.02394e-35 ; 1.37315e-16
99.55 ; 3.82155e-35 ; 1.34269e-16
99.6 ; 3.62934e-35 ; 1.3129e-16
99.65 ; 3.4468e-35 ; 1.28377e-16
99.7 ; 3.27344e-35 ; 1.25529e-16
99.75 ; 3.10879e-35 ; 1.22745e-16
99.8 ; 2.95243e-35 ; 1.20022e-16
99.85 ; 2.80394e-35 ; 1.17359e-16
99.9 ; 2.66291e-35 ; 1.14755e-16
99.95 ; 2.52897e-35 ; 1.1221e-16
100 ; 2.40178e-35 ; 1.0972e-16
